1 180
2 12
3 94
4 82
5 126
6 132
7 120
8 188
9 4
10 36
11 132
12 24
13 60
14 159
15 120
16 106
17 30
18 33
19 156
20 88
21 162
22 24
23 94
24 144
25 27
26 24
27 113
28 136
29 42
30 156
31 94
32 150
33 69
34 50
35 180
36 21
37 126
38 84
39 120
40 94
41 180
42 106
43 120
44 106
45 12
46 126
47 138
48 162
49 140
50 100
51 120
52 168
53 168
54 106
55 94
56 24
57 82
58 174
59 106
60 82
61 21
62 69
63 106
64 21
65 120
66 106
67 126
68 106
69 30
70 90
71 82
72 60
73 82
74 120
75 156
76 106
77 180
78 94
79 82
80 21
81 192
82 69
83 106
84 150
85 138
86 33
87 132
88 132
89 36
90 94
91 144
92 36
93 82
94 33
95 39
96 165
97 42
98 69
99 162
100 60
101 159
102 42
103 39
104 174
105 113
106 192
107 106
108 106
109 120
110 36
111 100
112 168
113 126
114 84
115 104
116 42
117 120
118 82
119 27
120 120
121 168
122 132
123 120
124 106
125 120
126 132
127 144
128 88
129 144
130 94
131 132
132 150
133 192
134 126
135 106
136 132
137 106
138 18
139 86
140 126
141 153
142 82
143 132
144 132
145 120
146 192
147 69
148 110
149 82
150 106
151 138
152 120
153 55
154 106
155 132
156 138
157 106
158 54
159 126
160 156
161 186
162 113
163 159
164 24
165 168
166 174
167 64
168 132
169 69
170 120
171 180
172 120
173 132
174 120
175 109
176 100
177 132
178 180
179 60
180 120
181 132
182 54
183 64
184 33
185 94
186 94
187 174
188 120
189 180
190 94
191 156
192 148
193 138
194 94
195 69
196 168
197 156
198 69
199 82
200 144
201 150
202 132
203 24
204 126
205 126
206 132
207 13
208 102
209 118
210 100
211 144
212 168
213 106
214 9
215 82
216 139
217 111
218 106
219 100
220 120
221 94
222 156
223 120
224 94
225 165
226 123
227 120
228 88
229 138
230 30
231 120
232 29
233 50
234 104
235 156
236 120
237 210
238 132
239 159
240 88
241 94
242 27
243 84
244 106
245 132
246 150
247 120
248 144
249 117
250 24
251 82
252 120
253 106
254 90
255 94
256 120
257 82
258 192
259 144
260 94
261 106
262 150
263 120
264 106
265 106
266 24
267 138
268 36
269 82
270 144
271 136
272 144
273 156
274 88
275 24
276 94
277 120
278 186
279 120
280 106
281 156
282 120
283 156
284 108
285 156
286 162
287 113
288 120
289 84
290 180
291 144
292 94
293 113
294 159
295 120
296 82
297 132
298 82
299 50
300 82
301 144
302 106
303 113
304 94
305 169
306 120
307 138
308 138
309 156
310 120
311 120
312 138
313 136
314 120
315 144
316 30
317 140
318 94
319 144
320 156
321 132
322 132
323 123
324 90
325 100
326 156
327 156
328 166
329 106
330 106
331 192
332 130
333 162
334 30
335 69
336 106
337 132
338 144
339 132
340 39
341 42
342 132
343 94
344 94
345 120
346 24
347 94
348 132
349 106
350 180
351 144
352 168
353 82
354 132
355 144
356 82
357 112
358 144
359 132
360 165
361 18
362 126
363 180
364 168
365 144
366 180
367 137
368 162
369 156
370 192
371 156
372 168
373 132
374 132
375 180
376 180
377 132
378 144
379 106
380 168
381 180
382 18
383 180
384 168
385 106
386 180
387 180
388 132
389 30
390 132
391 174
392 168
393 162
394 180
395 132
396 204
397 180
398 180
399 144
400 144
401 15
402 50
403 180
404 180
405 180
406 174
407 162
408 180
409 162
410 180
411 150
412 156
413 168
414 180
415 180
416 106
417 78
418 94
419 180
420 132
421 94
422 204
423 144
424 150
425 168
426 192
427 69
428 180
429 168
430 168
431 180
432 156
433 106
434 168
435 156
436 132
437 180
438 106
439 106
440 180
441 180
442 94
443 120
444 106
445 180
446 180
447 180
448 180
449 168
450 163
451 82
452 120
453 132
454 180
455 180
456 162
457 192
458 82
459 150
460 156
461 180
462 106
463 204
464 192
465 120
466 36
467 94
468 180
469 168
470 132
471 24
472 120
473 180
474 168
475 180
476 144
477 168
478 144
479 192
480 168
481 156
482 162
483 180
484 180
485 204
486 144
487 162
488 106
489 24
490 132
491 69
492 132
493 192
494 120
495 94
496 144
497 94
498 94
499 106
500 106
501 120
502 156
503 180
504 180
505 106
506 168
507 168
508 84
509 144
510 162
511 168
512 180
513 94
514 180
515 125
516 168
517 168
518 138
519 180
520 180
521 144
522 144
523 132
524 192
525 144
526 82
527 74
528 144
529 162
530 132
531 156
532 120
533 82
534 180
535 162
536 156
537 96
538 75
539 180
540 180
541 162
542 132
543 162
544 162
545 82
546 180
547 192
548 156
549 144
550 113
551 94
552 60
553 180
554 106
555 132
556 106
557 156
558 96
559 192
560 106
561 120
562 168
563 192
564 144
565 132
566 162
567 94
568 156
569 132
570 120
571 106
572 156
573 144
574 132
575 180
576 120
577 140
578 156
579 132
580 180
581 180
582 144
583 120
584 180
585 168
586 94
587 120
588 144
589 174
590 138
591 156
592 165
593 144
594 114
595 120
596 91
597 106
598 94
599 120
600 138
601 180
602 174
603 132
604 135
605 106
606 94
607 75
608 144
609 168
610 168
611 82
612 36
613 150
614 126
615 132
616 120
617 156
618 144
619 82
620 106
621 120
622 126
623 132
624 144
625 132
626 132
627 150
628 120
629 42
630 120
631 82
632 204
633 162
634 180
635 156
636 120
637 120
638 69
639 69
640 87
641 94
642 69
643 156
644 156
645 168
646 106
647 126
648 94
649 82
650 69
651 120
652 15
653 94
654 120
655 144
656 60
657 113
658 132
659 27
660 106
661 186
662 30
663 144
664 120
665 120
666 30
667 69
668 82
669 168
670 162
671 120
672 94
673 16
674 128
675 106
676 24
677 162
678 132
679 156
680 126
681 156
682 156
683 50
684 132
685 111
686 120
687 156
688 24
689 82
690 94
691 144
692 36
693 82
694 120
695 162
696 162
697 36
698 156
699 94
700 106
701 192
702 36
703 82
704 152
705 94
706 132
707 87
708 94
709 156
710 132
711 165
712 72
713 94
714 162
715 120
716 36
717 94
718 50
719 132
720 114
721 156
722 144
723 174
724 132
725 156
726 113
727 94
728 132
729 180
730 32
731 120
732 132
733 162
734 113
735 82
736 204
737 120
738 106
739 168
740 192
741 120
742 106
743 168
744 156
745 168
746 180
747 180
748 180
749 82
750 168
751 180
752 18
753 197
754 162
755 168
756 120
757 162
758 156
759 171
760 180
761 144
762 50
763 132
764 94
765 106
766 120
767 50
768 126
769 42
770 144
771 180
772 156
773 168
774 106
775 180
776 120
777 75
778 180
779 144
780 144
781 132
782 94
783 138
784 192
785 174
786 167
787 144
788 106
789 168
790 192
791 180
792 180
793 180
794 180
795 60
796 180
797 106
798 94
799 156
800 144
801 82
802 120
803 144
804 125
805 121
806 162
807 132
808 106
809 88
810 125
811 150
812 180
813 39
814 132
815 132
816 132
817 162
818 88
819 144
820 36
821 156
822 120
823 137
824 36
825 120
826 144
827 120
828 144
829 126
830 144
831 132
832 180
833 120
834 120
835 150
836 132
837 132
838 120
839 132
840 180
841 115
842 106
843 82
844 138
845 132
846 120
847 120
848 69
849 162
850 132
851 69
852 192
853 106
854 132
855 120
856 152
857 120
858 30
859 120
860 94
861 216
862 50
863 82
864 120
865 94
866 106
867 159
868 94
869 106
870 50
871 126
872 144
873 24
874 156
875 36
876 36
877 144
878 132
879 156
880 162
881 132
882 150
883 132
884 144
885 180
886 162
887 15
888 132
889 138
890 138
891 144
892 152
893 144
894 132
895 106
896 144
897 100
898 132
899 42
900 36
901 144
902 132
903 120
904 132
905 42
906 144
907 42
908 132
909 156
910 138
911 106
912 144
913 144
914 55
915 24
916 106
917 120
918 106
919 120
920 138
921 156
922 100
923 162
924 60
925 30
926 100
927 180
928 132
929 156
930 120
931 120
932 36
933 162
934 159
935 162
936 150
937 36
938 144
939 36
940 162
941 156
942 140
943 156
944 144
945 106
946 120
947 120
948 144
949 69
950 120
951 120
952 144
953 144
954 90
955 162
956 144
957 180
958 144
959 144
960 156
961 216
962 132
963 82
964 94
965 96
966 18
967 50
968 156
969 180
970 49
971 126
972 126
973 144
974 166
975 162
976 84
977 144
978 150
979 138
980 144
981 144
982 113
983 144
984 186
985 174
986 50
987 106
988 120
989 162
990 144
991 67
992 126
993 50
994 180
995 82
996 82
997 120
998 204
999 120
1000 144
1001 162
1002 132
1003 159
1004 156
1005 159
1006 132
1007 106
1008 113
1009 132
1010 120
1011 94
1012 150
1013 132
1014 136
1015 120
1016 165
1017 94
1018 101
1019 113
1020 10
1021 106
1022 94
1023 144
1024 180
1025 138
1026 168
1027 90
1028 162
1029 192
1030 192
1031 156
1032 168
1033 156
1034 94
1035 126
1036 106
1037 132
1038 168
1039 138
1040 132
1041 144
1042 132
1043 106
1044 132
1045 132
1046 180
1047 156
1048 106
1049 180
1050 82
1051 120
1052 144
1053 144
1054 168
1055 82
1056 94
1057 156
1058 180
1059 174
1060 144
1061 144
1062 180
1063 180
1064 94
1065 60
1066 30
1067 94
1068 120
1069 144
1070 168
1071 156
1072 147
1073 24
1074 180
1075 144
1076 42
1077 180
1078 156
1079 113
1080 156
1081 144
1082 82
1083 162
1084 82
1085 69
1086 69
1087 144
1088 94
1089 94
1090 144
1091 24
1092 106
1093 132
1094 106
1095 132
1096 120
1097 120
1098 69
1099 106
1100 132
1101 164
1102 94
1103 115
1104 162
1105 144
1106 156
1107 144
1108 27
1109 138
1110 162
1111 120
1112 168
1113 144
1114 156
1115 94
1116 168
1117 132
1118 120
1119 174
1120 100
1121 100
1122 132
1123 120
1124 156
1125 50
1126 156
1127 106
1128 113
1129 168
1130 186
1131 106
1132 144
1133 132
1134 132
1135 94
1136 106
1137 6
1138 156
1139 156
1140 106
1141 204
1142 106
1143 144
1144 216
1145 192
1146 144
1147 94
1148 30
1149 88
1150 162
1151 18
1152 113
1153 144
1154 94
1155 160
1156 144
1157 132
1158 150
1159 132
1160 165
1161 60
1162 156
1163 24
1164 60
1165 75
1166 132
1167 168
1168 132
1169 138
1170 132
1171 94
1172 162
1173 132
1174 132
1175 132
1176 156
1177 204
1178 150
1179 120
1180 156
1181 162
1182 144
1183 82
1184 168
1185 162
1186 18
1187 120
1188 150
1189 94
1190 90
1191 156
1192 100
1193 183
1194 174
1195 132
1196 94
1197 144
1198 144
1199 120
1200 204
1201 156
1202 132
1203 96
1204 96
1205 132
1206 72
1207 132
1208 156
1209 120
1210 84
1211 96
1212 36
1213 36
1214 186
1215 120
1216 76
1217 132
1218 156
1219 132
1220 120
1221 84
1222 132
1223 144
1224 106
1225 72
1226 120
1227 72
1228 144
1229 88
1230 88
1231 24
1232 144
1233 60
1234 180
1235 120
1236 60
1237 132
1238 84
1239 144
1240 96
1241 120
1242 156
1243 48
1244 132
1245 168
1246 96
1247 120
1248 132
1249 180
1250 156
1251 144
1252 84
1253 120
1254 96
1255 60
1256 100
1257 84
1258 132
1259 126
1260 96
1261 42
1262 72
1263 132
1264 156
1265 106
1266 84
1267 72
1268 132
1269 82
1270 168
1271 84
1272 120
1273 120
1274 210
1275 60
1276 132
1277 120
1278 132
1279 120
1280 96
1281 132
1282 156
1283 132
1284 156
1285 132
1286 156
1287 192
1288 120
1289 126
1290 96
1291 96
1292 144
1293 96
1294 72
1295 96
1296 144
1297 168
1298 138
1299 72
1300 168
1301 96
1302 156
1303 156
1304 126
1305 106
1306 106
1307 144
1308 156
1309 156
1310 156
1311 88
1312 132
1313 55
1314 156
1315 156
1316 120
1317 156
1318 106
1319 72
1320 100
1321 120
1322 138
1323 144
1324 69
1325 48
1326 192
1327 120
1328 120
1329 120
1330 84
1331 72
1332 156
1333 132
1334 144
1335 186
1336 132
1337 72
1338 60
1339 180
1340 100
1341 120
1342 132
1343 144
1344 36
1345 180
1346 132
1347 156
1348 144
1349 132
1350 138
1351 162
1352 150
1353 120
1354 76
1355 132
1356 120
1357 48
1358 156
1359 96
1360 84
1361 60
1362 96
1363 60
1364 84
1365 84
1366 106
1367 144
1368 100
1369 156
1370 156
1371 84
1372 156
1373 96
1374 156
1375 84
1376 84
1377 48
1378 60
1379 96
1380 156
1381 84
1382 144
1383 60
1384 132
1385 156
1386 60
1387 120
1388 100
1389 84
1390 84
1391 88
1392 156
1393 156
1394 144
1395 113
1396 96
1397 138
1398 72
1399 156
1400 120
1401 132
1402 144
1403 48
1404 120
1405 138
1406 168
1407 84
1408 84
1409 60
1410 100
1411 144
1412 120
1413 180
1414 132
1415 84
1416 120
1417 36
1418 84
1419 18
1420 156
1421 132
1422 72
1423 132
1424 156
1425 138
1426 96
1427 132
1428 120
1429 192
1430 132
1431 36
1432 96
1433 120
1434 132
1435 144
1436 156
1437 174
1438 120
1439 94
1440 132
1441 156
1442 88
1443 132
1444 60
1445 50
1446 24
1447 180
1448 216
1449 144
1450 180
1451 144
1452 24
1453 60
1454 126
1455 96
1456 144
1457 72
1458 94
1459 144
1460 36
1461 192
1462 96
1463 84
1464 156
1465 88
1466 132
1467 132
1468 180
1469 96
1470 132
1471 144
1472 162
1473 144
1474 168
1475 156
1476 60
1477 132
1478 106
1479 156
1480 96
1481 132
1482 132
1483 72
1484 120
1485 156
1486 138
1487 156
1488 84
1489 156
1490 120
1491 72
1492 96
1493 96
1494 60
1495 132
1496 144
1497 120
1498 72
1499 156
1500 100
1501 144
1502 60
1503 76
1504 94
1505 120
1506 156
1507 72
1508 180
1509 60
1510 94
1511 96
1512 96
1513 120
1514 156
1515 120
1516 82
1517 84
1518 132
1519 132
1520 96
1521 84
1522 48
1523 120
1524 84
1525 60
1526 132
1527 180
1528 138
1529 60
1530 132
1531 132
1532 96
1533 96
1534 144
1535 132
1536 88
1537 120
1538 162
1539 60
1540 144
1541 168
1542 96
1543 72
1544 132
1545 82
1546 120
1547 147
1548 120
1549 94
1550 156
1551 156
1552 84
1553 113
1554 144
1555 72
1556 84
1557 156
1558 27
1559 120
1560 204
1561 120
1562 132
1563 60
1564 120
1565 24
1566 144
1567 156
1568 144
1569 156
1570 120
1571 76
1572 144
1573 132
1574 120
1575 216
1576 132
1577 72
1578 132
1579 144
1580 96
1581 96
1582 120
1583 76
1584 204
1585 156
1586 144
1587 60
1588 82
1589 156
1590 60
1591 132
1592 132
1593 96
1594 144
1595 120
1596 36
1597 186
1598 72
1599 156
1600 132
1601 96
1602 156
1603 132
1604 84
1605 84
1606 24
1607 70
1608 94
1609 120
1610 36
1611 96
1612 120
1613 84
1614 144
1615 60
1616 156
1617 69
1618 24
1619 125
1620 144
1621 33
1622 60
1623 132
1624 144
1625 120
1626 144
1627 60
1628 96
1629 96
1630 150
1631 72
1632 120
1633 132
1634 132
1635 84
1636 84
1637 120
1638 60
1639 36
1640 69
1641 84
1642 88
1643 120
1644 84
1645 96
1646 96
1647 60
1648 60
1649 144
1650 174
1651 100
1652 132
1653 120
1654 162
1655 132
1656 96
1657 156
1658 72
1659 84
1660 156
1661 156
1662 156
1663 96
1664 132
1665 72
1666 156
1667 94
1668 24
1669 96
1670 82
1671 96
1672 168
1673 132
1674 126
1675 72
1676 156
1677 168
1678 132
1679 96
1680 132
1681 144
1682 144
1683 156
1684 144
1685 36
1686 82
1687 156
1688 168
1689 106
1690 48
1691 180
1692 120
1693 84
1694 156
1695 156
1696 192
1697 192
1698 84
1699 84
1700 96
1701 120
1702 132
1703 132
1704 60
1705 120
1706 96
1707 156
1708 144
1709 186
1710 30
1711 192
1712 48
1713 84
1714 156
1715 180
1716 156
1717 150
1718 120
1719 94
1720 144
1721 69
1722 106
1723 144
1724 94
1725 162
1726 120
1727 94
1728 36
1729 165
1730 50
1731 144
1732 144
1733 150
1734 126
1735 138
1736 106
1737 106
1738 150
1739 106
1740 94
1741 144
1742 144
1743 69
1744 50
1745 46
1746 94
1747 156
1748 106
1749 94
1750 120
1751 180
1752 144
1753 144
1754 106
1755 106
1756 144
1757 88
1758 120
1759 180
1760 94
1761 94
1762 94
1763 156
1764 55
1765 156
1766 132
1767 120
1768 144
1769 106
1770 106
1771 156
1772 82
1773 180
1774 132
1775 42
1776 106
1777 198
1778 76
1779 156
1780 132
1781 94
1782 69
1783 82
1784 144
1785 69
1786 132
1787 120
1788 162
1789 69
1790 144
1791 69
1792 126
1793 106
1794 120
1795 94
1796 144
1797 69
1798 120
1799 106
1800 120
1801 106
1802 120
1803 82
1804 120
1805 132
1806 94
1807 132
1808 132
1809 50
1810 60
1811 100
1812 114
1813 94
1814 132
1815 120
1816 50
1817 94
1818 94
1819 132
1820 82
1821 50
1822 82
1823 82
1824 156
1825 156
1826 42
1827 132
1828 106
1829 76
1830 132
1831 94
1832 50
1833 126
1834 69
1835 106
1836 144
1837 106
1838 144
1839 69
1840 144
1841 82
1842 30
1843 69
1844 84
1845 120
1846 88
1847 144
1848 132
1849 100
1850 138
1851 94
1852 132
1853 126
1854 132
1855 162
1856 132
1857 50
1858 156
1859 76
1860 204
1861 120
1862 42
1863 94
1864 106
1865 120
1866 106
1867 180
1868 82
1869 132
1870 120
1871 94
1872 120
1873 138
1874 113
1875 162
1876 180
1877 132
1878 132
1879 132
1880 132
1881 120
1882 165
1883 132
1884 156
1885 126
1886 180
1887 132
1888 12
1889 106
1890 94
1891 82
1892 50
1893 82
1894 150
1895 162
1896 138
1897 72
1898 126
1899 168
1900 106
1901 144
1902 144
1903 69
1904 126
1905 106
1906 162
1907 106
1908 106
1909 82
1910 94
1911 82
1912 106
1913 82
1914 94
1915 106
1916 150
1917 132
1918 168
1919 100
1920 88
1921 69
1922 162
1923 156
1924 106
1925 132
1926 94
1927 120
1928 156
1929 144
1930 144
1931 120
1932 106
1933 82
1934 150
1935 162
1936 82
1937 132
1938 144
1939 120
1940 120
1941 82
1942 168
1943 60
1944 50
1945 132
1946 120
1947 106
1948 106
1949 132
1950 69
1951 168
1952 132
1953 76
1954 162
1955 126
1956 162
1957 120
1958 88
1959 94
1960 106
1961 113
1962 113
1963 120
1964 156
1965 106
1966 69
1967 96
1968 198
1969 132
1970 69
1971 60
1972 82
1973 192
1974 126
1975 120
1976 106
1977 82
1978 94
1979 94
1980 94
1981 132
1982 120
1983 94
1984 82
1985 120
1986 132
1987 106
1988 120
1989 180
1990 216
1991 33
1992 88
1993 132
1994 94
1995 120
1996 94
1997 156
1998 126
1999 180
2000 106
2001 106
2002 126
2003 168
2004 120
2005 126
2006 132
2007 156
2008 144
2009 69
2010 120
2011 150
2012 106
2013 94
2014 106
2015 120
2016 180
2017 106
2018 113
2019 55
2020 144
2021 82
2022 126
2023 132
2024 144
2025 42
2026 120
2027 156
2028 94
2029 132
2030 156
2031 168
2032 192
2033 138
2034 94
2035 106
2036 69
2037 132
2038 94
2039 94
2040 162
2041 106
2042 76
2043 120
2044 82
2045 120
2046 69
2047 156
2048 126
2049 42
2050 144
2051 144
2052 69
2053 132
2054 94
2055 132
2056 120
2057 106
2058 82
2059 120
2060 82
2061 156
2062 144
2063 106
2064 132
2065 94
2066 69
2067 138
2068 94
2069 120
2070 82
2071 144
2072 168
2073 144
2074 156
2075 138
2076 156
2077 82
2078 132
2079 69
2080 30
2081 69
2082 144
2083 162
2084 113
2085 120
2086 82
2087 168
2088 150
2089 106
2090 120
2091 60
2092 132
2093 94
2094 36
2095 156
2096 82
2097 120
2098 60
2099 106
2100 156
2101 126
2102 138
2103 192
2104 162
2105 69
2106 120
2107 88
2108 30
2109 69
2110 55
2111 100
2112 144
2113 144
2114 106
2115 144
2116 107
2117 69
2118 120
2119 156
2120 69
2121 120
2122 150
2123 144
2124 94
2125 156
2126 144
2127 180
2128 162
2129 180
2130 82
2131 94
2132 69
2133 106
2134 126
2135 144
2136 94
2137 69
2138 132
2139 69
2140 82
2141 180
2142 94
2143 76
2144 126
2145 144
2146 82
2147 132
2148 132
2149 50
2150 162
2151 150
2152 82
2153 82
2154 192
2155 132
2156 69
2157 132
2158 82
2159 36
2160 106
2161 120
2162 106
2163 94
2164 120
2165 150
2166 138
2167 162
2168 144
2169 126
2170 180
2171 82
2172 132
2173 69
2174 162
2175 69
2176 50
2177 156
2178 156
2179 156
2180 82
2181 132
2182 132
2183 60
2184 82
2185 82
2186 106
2187 120
2188 106
2189 82
2190 120
2191 82
2192 132
2193 70
2194 159
2195 94
2196 82
2197 94
2198 132
2199 120
2200 144
2201 144
2202 94
2203 156
2204 82
2205 126
2206 144
2207 132
2208 132
2209 88
2210 120
2211 132
2212 94
2213 132
2214 126
2215 132
2216 144
2217 132
2218 132
2219 150
2220 144
2221 132
2222 192
2223 120
2224 132
2225 144
2226 120
2227 88
2228 94
2229 132
2230 82
2231 94
2232 120
2233 82
2234 126
2235 46
2236 156
2237 94
2238 120
2239 132
2240 168
2241 162
2242 120
2243 94
2244 82
2245 94
2246 106
2247 180
2248 144
2249 82
2250 94
2251 120
2252 132
2253 82
2254 180
2255 162
2256 69
2257 82
2258 82
2259 168
2260 144
2261 60
2262 106
2263 144
2264 82
2265 132
2266 120
2267 113
2268 132
2269 30
2270 94
2271 156
2272 132
2273 186
2274 150
2275 120
2276 162
2277 106
2278 132
2279 132
2280 156
2281 82
2282 120
2283 126
2284 120
2285 94
2286 156
2287 69
2288 69
2289 132
2290 72
2291 180
2292 132
2293 9
2294 132
2295 126
2296 94
2297 132
2298 132
2299 113
2300 82
2301 126
2302 120
2303 132
2304 106
2305 42
2306 94
2307 94
2308 100
2309 162
2310 106
2311 120
2312 106
2313 60
2314 165
2315 144
2316 82
2317 126
2318 82
2319 132
2320 82
2321 156
2322 144
2323 162
2324 120
2325 144
2326 94
2327 94
2328 120
2329 82
2330 168
2331 94
2332 36
2333 156
2334 120
2335 126
2336 137
2337 120
2338 82
2339 82
2340 94
2341 94
2342 106
2343 144
2344 192
2345 94
2346 106
2347 100
2348 82
2349 180
2350 50
2351 106
2352 106
2353 120
2354 60
2355 120
2356 144
2357 162
2358 192
2359 94
2360 60
2361 82
2362 82
2363 138
2364 156
2365 156
2366 120
2367 120
2368 69
2369 36
2370 132
2371 106
2372 144
2373 138
2374 132
2375 180
2376 120
2377 132
2378 132
2379 94
2380 120
2381 106
2382 144
2383 144
2384 82
2385 180
2386 132
2387 24
2388 156
2389 132
2390 144
2391 94
2392 50
2393 94
2394 126
2395 204
2396 132
2397 120
2398 60
2399 144
2400 174
2401 69
2402 192
2403 106
2404 180
2405 106
2406 106
2407 82
2408 159
2409 120
2410 156
2411 126
2412 94
2413 120
2414 106
2415 120
2416 82
2417 82
2418 120
2419 69
2420 94
2421 144
2422 120
2423 162
2424 168
2425 126
2426 82
2427 138
2428 132
2429 132
2430 144
2431 30
2432 132
2433 174
2434 132
2435 138
2436 132
2437 132
2438 132
2439 156
2440 120
2441 88
2442 82
2443 132
2444 144
2445 76
2446 150
2447 156
2448 165
2449 82
2450 132
2451 120
2452 94
2453 69
2454 106
2455 126
2456 82
2457 120
2458 156
2459 168
2460 24
2461 168
2462 69
2463 168
2464 120
2465 82
2466 94
2467 132
2468 144
2469 126
2470 144
2471 100
2472 144
2473 156
2474 168
2475 94
2476 55
2477 36
2478 132
2479 94
2480 138
2481 69
2482 132
2483 144
2484 82
2485 180
2486 60
2487 69
2488 162
2489 76
2490 168
2491 144
2492 106
2493 120
2494 120
2495 106
2496 82
2497 156
2498 120
2499 168
2500 82
2501 132
2502 156
2503 106
2504 82
2505 94
2506 120
2507 120
2508 94
2509 94
2510 144
2511 156
2512 138
2513 132
2514 69
2515 159
2516 82
2517 168
2518 132
2519 36
2520 180
2521 82
2522 82
2523 69
2524 144
2525 94
2526 156
2527 132
2528 132
2529 106
2530 106
2531 132
2532 120
2533 126
2534 42
2535 82
2536 94
2537 150
2538 30
2539 144
2540 192
2541 168
2542 132
2543 120
2544 144
2545 132
2546 132
2547 106
2548 120
2549 120
2550 36
2551 132
2552 132
2553 120
2554 132
2555 156
2556 94
2557 132
2558 120
2559 138
2560 144
2561 144
2562 156
2563 94
2564 106
2565 180
2566 82
2567 120
2568 100
2569 132
2570 94
2571 132
2572 82
2573 81
2574 94
2575 168
2576 106
2577 69
2578 132
2579 156
2580 69
2581 82
2582 120
2583 144
2584 204
2585 94
2586 159
2587 120
2588 156
2589 60
2590 180
2591 91
2592 94
2593 94
2594 180
2595 106
2596 120
2597 94
2598 30
2599 94
2600 60
2601 156
2602 69
2603 106
2604 132
2605 132
2606 94
2607 156
2608 94
2609 69
2610 144
2611 82
2612 162
2613 94
2614 82
2615 94
2616 144
2617 106
2618 132
2619 144
2620 82
2621 132
2622 82
2623 132
2624 168
2625 159
2626 126
2627 156
2628 138
2629 132
2630 132
2631 144
2632 69
2633 94
2634 106
2635 94
2636 156
2637 106
2638 36
2639 132
2640 69
2641 216
2642 106
2643 94
2644 88
2645 156
2646 113
2647 42
2648 100
2649 156
2650 144
2651 132
2652 94
2653 82
2654 88
2655 120
2656 150
2657 132
2658 132
2659 106
2660 156
2661 162
2662 132
2663 120
2664 144
2665 159
2666 120
2667 94
2668 144
2669 144
2670 82
2671 144
2672 132
2673 132
2674 120
2675 180
2676 120
2677 132
2678 168
2679 120
2680 82
2681 132
2682 144
2683 156
2684 106
2685 180
2686 156
2687 132
2688 120
2689 120
2690 106
2691 88
2692 69
2693 94
2694 162
2695 100
2696 138
2697 126
2698 24
2699 50
2700 156
2701 69
2702 132
2703 120
2704 69
2705 106
2706 156
2707 144
2708 94
2709 106
2710 36
2711 69
2712 144
2713 132
2714 132
2715 120
2716 120
2717 132
2718 132
2719 106
2720 156
2721 94
2722 144
2723 156
2724 76
2725 144
2726 120
2727 168
2728 156
2729 60
2730 82
2731 10
2732 132
2733 120
2734 94
2735 144
2736 126
2737 126
2738 82
2739 82
2740 106
2741 94
2742 94
2743 132
2744 42
2745 156
2746 132
2747 82
2748 94
2749 126
2750 132
2751 120
2752 204
2753 192
2754 180
2755 94
2756 82
2757 120
2758 132
2759 132
2760 120
2761 156
2762 132
2763 132
2764 168
2765 94
2766 186
2767 106
2768 144
2769 60
2770 106
2771 144
2772 156
2773 106
2774 120
2775 144
2776 50
2777 106
2778 132
2779 132
2780 132
2781 120
2782 144
2783 82
2784 132
2785 192
2786 138
2787 162
2788 60
2789 84
2790 156
2791 162
2792 144
2793 60
2794 94
2795 132
2796 82
2797 106
2798 120
2799 69
2800 168
2801 100
2802 132
2803 69
2804 132
2805 106
2806 69
2807 106
2808 120
2809 132
2810 106
2811 132
2812 120
2813 82
2814 82
2815 82
2816 132
2817 120
2818 106
2819 144
2820 120
2821 82
2822 106
2823 156
2824 94
2825 144
2826 113
2827 50
2828 120
2829 36
2830 94
2831 106
2832 94
2833 156
2834 132
2835 106
2836 132
2837 132
2838 94
2839 106
2840 64
2841 126
2842 132
2843 106
2844 94
2845 144
2846 180
2847 144
2848 106
2849 106
2850 106
2851 144
2852 94
2853 60
2854 82
2855 168
2856 132
2857 144
2858 120
2859 120
2860 113
2861 106
2862 132
2863 50
2864 162
2865 120
2866 82
2867 94
2868 120
2869 76
2870 100
2871 144
2872 69
2873 144
2874 106
2875 82
2876 82
2877 162
2878 69
2879 180
2880 144
2881 126
2882 100
2883 120
2884 82
2885 138
2886 132
2887 50
2888 132
2889 94
2890 36
2891 132
2892 162
2893 112
2894 180
2895 106
2896 60
2897 96
2898 120
2899 120
2900 39
2901 132
2902 120
2903 60
2904 132
2905 120
2906 156
2907 45
2908 156
2909 144
2910 162
2911 94
2912 50
2913 94
2914 15
2915 120
2916 106
2917 150
2918 120
2919 120
2920 94
2921 120
2922 69
2923 94
2924 150
2925 69
2926 21
2927 113
2928 106
2929 69
2930 82
2931 120
2932 106
2933 150
2934 94
2935 132
2936 106
2937 94
2938 126
2939 204
2940 162
2941 144
2942 144
2943 46
2944 82
2945 120
2946 60
2947 96
2948 138
2949 144
2950 94
2951 144
2952 156
2953 180
2954 60
2955 120
2956 50
2957 106
2958 144
2959 180
2960 94
2961 120
2962 106
2963 132
2964 106
2965 156
2966 144
2967 94
2968 144
2969 94
2970 144
2971 33
2972 138
2973 94
2974 144
2975 180
2976 165
2977 144
2978 50
2979 132
2980 156
2981 67
2982 132
2983 55
2984 156
2985 36
2986 144
2987 120
2988 39
2989 168
2990 132
2991 94
2992 94
2993 120
2994 180
2995 120
2996 82
2997 94
2998 144
2999 144
3000 106
3001 94
3002 106
3003 144
3004 180
3005 106
3006 50
3007 120
3008 156
3009 120
3010 94
3011 150
3012 82
3013 69
3014 144
3015 100
3016 94
3017 94
3018 144
3019 144
3020 94
3021 156
3022 132
3023 132
3024 106
3025 132
3026 156
3027 60
3028 120
3029 156
3030 144
3031 120
3032 113
3033 132
3034 82
3035 156
3036 138
3037 106
3038 132
3039 94
3040 106
3041 180
3042 180
3043 165
3044 156
3045 120
3046 144
3047 82
3048 106
3049 132
3050 106
3051 69
3052 144
3053 156
3054 144
3055 138
3056 132
3057 120
3058 168
3059 132
3060 132
3061 69
3062 106
3063 106
3064 126
3065 168
3066 94
3067 144
3068 138
3069 168
3070 156
3071 162
3072 50
3073 50
3074 138
3075 162
3076 106
3077 76
3078 120
3079 132
3080 144
3081 168
3082 144
3083 144
3084 42
3085 106
3086 156
3087 156
3088 132
3089 126
3090 156
3091 55
3092 162
3093 94
3094 156
3095 82
3096 144
3097 69
3098 144
3099 132
3100 106
3101 156
3102 106
3103 144
3104 216
3105 120
3106 120
3107 162
3108 120
3109 94
3110 144
3111 144
3112 132
3113 132
3114 42
3115 132
3116 162
3117 132
3118 144
3119 82
3120 144
3121 106
3122 168
3123 162
3124 106
3125 94
3126 94
3127 144
3128 144
3129 162
3130 132
3131 120
3132 100
3133 162
3134 120
3135 60
3136 88
3137 82
3138 120
3139 50
3140 150
3141 82
3142 144
3143 60
3144 50
3145 144
3146 82
3147 112
3148 94
3149 82
3150 132
3151 50
3152 144
3153 106
3154 132
3155 144
3156 94
3157 180
3158 50
3159 132
3160 60
3161 120
3162 156
3163 60
3164 36
3165 94
3166 156
3167 168
3168 144
3169 94
3170 138
3171 120
3172 106
3173 156
3174 106
3175 50
3176 168
3177 94
3178 156
3179 82
3180 132
3181 94
3182 120
3183 132
3184 144
3185 162
3186 180
3187 204
3188 162
3189 120
3190 82
3191 50
3192 132
3193 120
3194 50
3195 120
3196 144
3197 69
3198 132
3199 94
3200 126
3201 120
3202 162
3203 126
3204 82
3205 82
3206 106
3207 180
3208 50
3209 132
3210 162
3211 132
3212 132
3213 156
3214 82
3215 94
3216 94
3217 162
3218 168
3219 18
3220 82
3221 106
3222 94
3223 162
3224 82
3225 100
3226 144
3227 120
3228 76
3229 120
3230 94
3231 70
3232 132
3233 120
3234 144
3235 132
3236 144
3237 156
3238 120
3239 168
3240 69
3241 36
3242 156
3243 144
3244 94
3245 216
3246 106
3247 144
3248 162
3249 132
3250 100
3251 126
3252 82
3253 42
3254 82
3255 60
3256 106
3257 168
3258 106
3259 50
3260 94
3261 144
3262 156
3263 50
3264 106
3265 168
3266 132
3267 120
3268 94
3269 132
3270 120
3271 120
3272 94
3273 39
3274 150
3275 132
3276 162
3277 82
3278 106
3279 132
3280 156
3281 106
3282 106
3283 60
3284 126
3285 132
3286 18
3287 144
3288 138
3289 168
3290 106
3291 192
3292 94
3293 150
3294 82
3295 69
3296 126
3297 168
3298 162
3299 138
3300 113
3301 106
3302 82
3303 106
3304 132
3305 94
3306 94
3307 156
3308 162
3309 132
3310 82
3311 82
3312 162
3313 94
3314 69
3315 150
3316 132
3317 144
3318 106
3319 132
3320 144
3321 132
3322 144
3323 144
3324 156
3325 126
3326 150
3327 156
3328 156
3329 82
3330 144
3331 144
3332 94
3333 60
3334 132
3335 180
3336 106
3337 144
3338 94
3339 126
3340 50
3341 180
3342 156
3343 50
3344 120
3345 113
3346 94
3347 120
3348 120
3349 106
3350 69
3351 94
3352 60
3353 94
3354 180
3355 144
3356 132
3357 94
3358 60
3359 33
3360 132
3361 106
3362 150
3363 120
3364 36
3365 144
3366 24
3367 156
3368 88
3369 126
3370 120
3371 76
3372 82
3373 60
3374 36
3375 156
3376 144
3377 82
3378 100
3379 144
3380 120
3381 106
3382 180
3383 120
3384 82
3385 180
3386 120
3387 106
3388 69
3389 132
3390 50
3391 180
3392 180
3393 94
3394 94
3395 144
3396 144
3397 168
3398 94
3399 144
3400 94
3401 94
3402 69
3403 36
3404 82
3405 106
3406 132
3407 132
3408 94
3409 126
3410 82
3411 82
3412 94
3413 132
3414 94
3415 50
3416 132
3417 156
3418 88
3419 106
3420 82
3421 132
3422 94
3423 132
3424 60
3425 60
3426 106
3427 120
3428 144
3429 168
3430 132
3431 106
3432 144
3433 162
3434 132
3435 82
3436 132
3437 159
3438 120
3439 106
3440 132
3441 150
3442 144
3443 82
3444 30
3445 94
3446 30
3447 50
3448 94
3449 94
3450 144
3451 69
3452 76
3453 82
3454 36
3455 82
3456 88
3457 120
3458 82
3459 120
3460 120
3461 168
3462 60
3463 60
3464 60
3465 113
3466 94
3467 46
3468 24
3469 42
3470 180
3471 120
3472 94
3473 132
3474 24
3475 82
3476 120
3477 82
3478 180
3479 180
3480 94
3481 120
3482 120
3483 106
3484 94
3485 126
3486 144
3487 138
3488 82
3489 159
3490 12
3491 69
3492 126
3493 132
3494 69
3495 120
3496 156
3497 132
3498 94
3499 94
3500 144
3501 94
3502 100
3503 120
3504 106
3505 144
3506 144
3507 144
3508 126
3509 192
3510 120
3511 144
3512 144
3513 138
3514 144
3515 106
3516 106
3517 162
3518 156
3519 132
3520 120
3521 180
3522 88
3523 120
3524 132
3525 180
3526 132
3527 113
3528 132
3529 106
3530 144
3531 94
3532 24
3533 144
3534 132
3535 30
3536 198
3537 94
3538 144
3539 132
3540 36
3541 120
3542 94
3543 82
3544 168
3545 82
3546 156
3547 120
3548 120
3549 106
3550 156
3551 36
3552 120
3553 132
3554 82
3555 106
3556 60
3557 120
3558 168
3559 132
3560 132
3561 82
3562 126
3563 82
3564 120
3565 82
3566 82
3567 106
3568 144
3569 120
3570 82
3571 144
3572 120
3573 82
3574 94
3575 156
3576 156
3577 132
3578 144
3579 162
3580 126
3581 69
3582 94
3583 162
3584 82
3585 180
3586 132
3587 106
3588 60
3589 120
3590 120
3591 120
3592 100
3593 75
3594 94
3595 120
3596 168
3597 94
3598 168
3599 168
3600 33
3601 156
3602 132
3603 106
3604 94
3605 60
3606 106
3607 132
3608 132
3609 120
3610 132
3611 106
3612 94
3613 144
3614 106
3615 144
3616 120
3617 94
3618 42
3619 156
3620 162
3621 168
3622 120
3623 156
3624 94
3625 162
3626 180
3627 82
3628 94
3629 150
3630 50
3631 120
3632 106
3633 82
3634 100
3635 82
3636 126
3637 120
3638 132
3639 69
3640 69
3641 94
3642 120
3643 144
3644 138
3645 132
3646 106
3647 94
3648 82
3649 106
3650 88
3651 69
3652 82
3653 132
3654 126
3655 180
3656 126
3657 72
3658 192
3659 132
3660 64
3661 60
3662 94
3663 120
3664 156
3665 100
3666 115
3667 144
3668 165
3669 106
3670 106
3671 132
3672 132
3673 144
3674 106
3675 156
3676 156
3677 82
3678 156
3679 156
3680 100
3681 94
3682 82
3683 60
3684 126
3685 162
3686 120
3687 94
3688 50
3689 156
3690 168
3691 168
3692 50
3693 106
3694 69
3695 60
3696 120
3697 69
3698 82
3699 180
3700 120
3701 94
3702 168
3703 69
3704 94
3705 69
3706 144
3707 120
3708 120
3709 100
3710 94
3711 138
3712 106
3713 120
3714 106
3715 132
3716 132
3717 88
3718 144
3719 132
3720 94
3721 144
3722 156
3723 30
3724 144
3725 106
3726 69
3727 120
3728 82
3729 120
3730 69
3731 120
3732 94
3733 120
3734 144
3735 60
3736 144
3737 42
3738 100
3739 82
3740 156
3741 162
3742 132
3743 82
3744 115
3745 156
3746 156
3747 60
3748 144
3749 162
3750 120
3751 132
3752 94
3753 15
3754 144
3755 162
3756 94
3757 132
3758 120
3759 94
3760 132
3761 69
3762 204
3763 36
3764 106
3765 162
3766 69
3767 156
3768 106
3769 126
3770 159
3771 120
3772 132
3773 94
3774 106
3775 120
3776 82
3777 88
3778 204
3779 162
3780 120
3781 106
3782 106
3783 120
3784 106
3785 50
3786 36
3787 144
3788 192
3789 82
3790 180
3791 94
3792 82
3793 162
3794 132
3795 168
3796 106
3797 144
3798 82
3799 180
3800 192
3801 120
3802 106
3803 144
3804 120
3805 156
3806 106
3807 156
3808 106
3809 94
3810 82
3811 162
3812 69
3813 106
3814 82
3815 144
3816 120
3817 106
3818 120
3819 94
3820 106
3821 120
3822 132
3823 120
3824 120
3825 162
3826 120
3827 156
3828 82
3829 156
3830 132
3831 94
3832 120
3833 82
3834 132
3835 168
3836 36
3837 60
3838 106
3839 120
3840 132
3841 126
3842 132
3843 82
3844 150
3845 126
3846 120
3847 94
3848 180
3849 94
3850 94
3851 144
3852 156
3853 33
3854 120
3855 156
3856 150
3857 120
3858 144
3859 94
3860 106
3861 120
3862 192
3863 100
3864 162
3865 50
3866 94
3867 82
3868 144
3869 106
3870 120
3871 156
3872 165
3873 144
3874 180
3875 132
3876 150
3877 42
3878 120
3879 144
3880 162
3881 94
3882 50
3883 132
3884 106
3885 132
3886 64
3887 120
3888 120
3889 144
3890 36
3891 126
3892 82
3893 65
3894 156
3895 180
3896 132
3897 106
3898 156
3899 144
3900 144
3901 106
3902 82
3903 82
3904 132
3905 55
3906 120
3907 120
3908 94
3909 94
3910 82
3911 94
3912 30
3913 106
3914 156
3915 50
3916 126
3917 156
3918 132
3919 156
3920 120
3921 138
3922 120
3923 156
3924 120
3925 132
3926 69
3927 156
3928 82
3929 82
3930 50
3931 144
3932 162
3933 94
3934 50
3935 82
3936 106
3937 168
3938 106
3939 82
3940 60
3941 165
3942 50
3943 120
3944 156
3945 114
3946 132
3947 132
3948 168
3949 192
3950 82
3951 144
3952 156
3953 144
3954 120
3955 144
3956 106
3957 132
3958 69
3959 180
3960 120
3961 94
3962 120
3963 132
3964 150
3965 126
3966 106
3967 94
3968 156
3969 132
3970 132
3971 82
3972 138
3973 138
3974 150
3975 150
3976 168
3977 15
3978 106
3979 88
3980 168
3981 88
3982 106
3983 180
3984 156
3985 88
3986 162
3987 150
3988 132
3989 120
3990 106
3991 144
3992 82
3993 168
3994 12
3995 132
3996 132
3997 180
3998 120
3999 50
4000 132
4001 174
4002 94
4003 45
4004 168
4005 162
4006 82
4007 156
4008 106
4009 69
4010 78
4011 82
4012 82
4013 138
4014 69
4015 156
4016 132
4017 69
4018 50
4019 120
4020 132
4021 192
4022 120
4023 144
4024 174
4025 132
4026 144
4027 132
4028 144
4029 138
4030 132
4031 216
4032 168
4033 120
4034 94
4035 150
4036 120
4037 120
4038 204
4039 120
4040 159
4041 144
4042 50
4043 94
4044 132
4045 132
4046 106
4047 69
4048 113
4049 113
4050 82
4051 162
4052 76
4053 132
4054 82
4055 106
4056 42
4057 120
4058 106
4059 106
4060 144
4061 106
4062 106
4063 94
4064 120
4065 144
4066 106
4067 132
4068 180
4069 120
4070 69
4071 132
4072 114
4073 159
4074 204
4075 144
4076 132
4077 120
4078 120
4079 120
4080 156
4081 156
4082 120
4083 60
4084 156
4085 94
4086 144
4087 69
4088 94
4089 144
4090 156
4091 106
4092 132
4093 82
4094 94
4095 88
4096 204
4097 132
4098 106
4099 120
4100 82
4101 162
4102 132
4103 120
4104 162
4105 82
4106 50
4107 82
4108 144
4109 144
4110 106
4111 120
4112 46
4113 126
4114 82
4115 106
4116 132
4117 106
4118 120
4119 82
4120 50
4121 192
4122 69
4123 180
4124 69
4125 106
4126 76
4127 168
4128 156
4129 120
4130 76
4131 82
4132 132
4133 180
4134 106
4135 82
4136 168
4137 138
4138 126
4139 132
4140 132
4141 132
4142 132
4143 69
4144 120
4145 162
4146 106
4147 132
4148 132
4149 120
4150 156
4151 94
4152 82
4153 120
4154 138
4155 94
4156 100
4157 60
4158 69
4159 69
4160 106
4161 82
4162 94
4163 144
4164 120
4165 126
4166 144
4167 132
4168 120
4169 132
4170 156
4171 132
4172 108
4173 150
4174 69
4175 132
4176 120
4177 106
4178 132
4179 113
4180 69
4181 120
4182 30
4183 144
4184 162
4185 132
4186 106
4187 144
4188 132
4189 82
4190 162
4191 113
4192 82
4193 150
4194 126
4195 106
4196 69
4197 60
4198 180
4199 132
4200 144
4201 82
4202 120
4203 126
4204 106
4205 168
4206 100
4207 42
4208 88
4209 162
4210 156
4211 132
4212 180
4213 94
4214 120
4215 120
4216 94
4217 144
4218 162
4219 69
4220 88
4221 100
4222 120
4223 144
4224 168
4225 82
4226 94
4227 94
4228 156
4229 132
4230 120
4231 42
4232 132
4233 144
4234 132
4235 144
4236 120
4237 106
4238 156
4239 60
4240 30
4241 144
4242 126
4243 94
4244 120
4245 60
4246 82
4247 50
4248 132
4249 120
4250 120
4251 132
4252 82
4253 162
4254 144
4255 106
4256 144
4257 120
4258 144
4259 94
4260 144
4261 106
4262 69
4263 132
4264 106
4265 150
4266 94
4267 82
4268 106
4269 156
4270 106
4271 132
4272 132
4273 144
4274 132
4275 144
4276 162
4277 30
4278 42
4279 69
4280 192
4281 156
4282 132
4283 132
4284 106
4285 144
4286 6
4287 168
4288 100
4289 106
4290 156
4291 106
4292 94
4293 60
4294 69
4295 132
4296 106
4297 106
4298 106
4299 106
4300 82
4301 106
4302 82
4303 132
4304 120
4305 60
4306 113
4307 132
4308 156
4309 60
4310 162
4311 156
4312 159
4313 88
4314 94
4315 144
4316 82
4317 60
4318 94
4319 30
4320 36
4321 60
4322 180
4323 94
4324 60
4325 132
4326 106
4327 132
4328 132
4329 82
4330 82
4331 120
4332 75
4333 120
4334 132
4335 144
4336 82
4337 94
4338 132
4339 82
4340 144
4341 180
4342 106
4343 69
4344 168
4345 132
4346 126
4347 132
4348 82
4349 69
4350 156
4351 106
4352 106
4353 144
4354 120
4355 132
4356 106
4357 180
4358 120
4359 106
4360 82
4361 144
4362 168
4363 156
4364 106
4365 50
4366 132
4367 50
4368 82
4369 106
4370 132
4371 69
4372 94
4373 50
4374 156
4375 144
4376 82
4377 132
4378 132
4379 156
4380 88
4381 144
4382 138
4383 144
4384 120
4385 138
4386 144
4387 132
4388 106
4389 106
4390 106
4391 94
4392 106
4393 120
4394 156
4395 120
4396 126
4397 94
4398 132
4399 144
4400 120
4401 132
4402 50
4403 106
4404 162
4405 144
4406 94
4407 106
4408 82
4409 132
4410 106
4411 132
4412 82
4413 100
4414 120
4415 75
4416 132
4417 60
4418 132
4419 132
4420 168
4421 94
4422 94
4423 132
4424 156
4425 192
4426 120
4427 144
4428 120
4429 88
4430 156
4431 144
4432 60
4433 120
4434 94
4435 204
4436 144
4437 162
4438 94
4439 82
4440 156
4441 60
4442 94
4443 106
4444 120
4445 132
4446 106
4447 120
4448 132
4449 120
4450 120
4451 132
4452 156
4453 132
4454 132
4455 156
4456 144
4457 132
4458 106
4459 106
4460 106
4461 120
4462 106
4463 162
4464 144
4465 113
4466 126
4467 156
4468 144
4469 120
4470 126
4471 132
4472 132
4473 120
4474 50
4475 88
4476 75
4477 94
4478 138
4479 82
4480 106
4481 138
4482 156
4483 138
4484 126
4485 144
4486 144
4487 156
4488 132
4489 94
4490 94
4491 156
4492 144
4493 144
4494 106
4495 82
4496 144
4497 120
4498 150
4499 30
4500 94
4501 144
4502 120
4503 120
4504 30
4505 150
4506 144
4507 94
4508 120
4509 94
4510 94
4511 132
4512 144
4513 50
4514 162
4515 120
4516 144
4517 132
4518 132
4519 106
4520 113
4521 94
4522 82
4523 144
4524 144
4525 144
4526 82
4527 162
4528 156
4529 144
4530 144
4531 120
4532 144
4533 106
4534 103
4535 106
4536 94
4537 82
4538 82
4539 138
4540 82
4541 168
4542 69
4543 106
4544 132
4545 132
4546 132
4547 82
4548 50
4549 138
4550 144
4551 162
4552 144
4553 42
4554 106
4555 94
4556 120
4557 168
4558 82
4559 94
4560 100
4561 106
4562 120
4563 144
4564 132
4565 144
4566 132
4567 94
4568 144
4569 162
4570 156
4571 94
4572 132
4573 106
4574 120
4575 144
4576 82
4577 82
4578 94
4579 120
4580 132
4581 94
4582 168
4583 144
4584 94
4585 192
4586 150
4587 94
4588 94
4589 120
4590 106
4591 60
4592 144
4593 69
4594 94
4595 120
4596 156
4597 132
4598 162
4599 132
4600 106
4601 50
4602 144
4603 132
4604 138
4605 82
4606 120
4607 120
4608 94
4609 82
4610 82
4611 106
4612 138
4613 162
4614 42
4615 94
4616 156
4617 106
4618 120
4619 120
4620 77
4621 144
4622 132
4623 204
4624 120
4625 144
4626 69
4627 106
4628 36
4629 114
4630 120
4631 144
4632 150
4633 69
4634 138
4635 126
4636 168
4637 132
4638 60
4639 82
4640 106
4641 113
4642 132
4643 144
4644 162
4645 120
4646 101
4647 144
4648 100
4649 106
4650 156
4651 156
4652 82
4653 60
4654 144
4655 162
4656 192
4657 60
4658 162
4659 132
4660 156
4661 156
4662 156
4663 144
4664 94
4665 144
4666 144
4667 162
4668 94
4669 94
4670 69
4671 150
4672 120
4673 94
4674 144
4675 168
4676 94
4677 82
4678 94
4679 132
4680 120
4681 69
4682 180
4683 106
4684 112
4685 120
4686 156
4687 144
4688 82
4689 76
4690 106
4691 82
4692 120
4693 60
4694 132
4695 144
4696 132
4697 132
4698 42
4699 168
4700 106
4701 150
4702 69
4703 156
4704 69
4705 94
4706 156
4707 120
4708 94
4709 168
4710 106
4711 168
4712 132
4713 144
4714 120
4715 82
4716 106
4717 69
4718 60
4719 132
4720 120
4721 162
4722 120
4723 60
4724 82
4725 82
4726 94
4727 120
4728 82
4729 69
4730 144
4731 150
4732 106
4733 60
4734 62
4735 106
4736 150
4737 106
4738 120
4739 94
4740 69
4741 120
4742 132
4743 43
4744 106
4745 162
4746 162
4747 132
4748 69
4749 156
4750 144
4751 60
4752 120
4753 82
4754 144
4755 106
4756 120
4757 132
4758 156
4759 132
4760 120
4761 144
4762 180
4763 82
4764 216
4765 159
4766 216
4767 106
4768 138
4769 156
4770 132
4771 120
4772 94
4773 132
4774 120
4775 120
4776 144
4777 132
4778 50
4779 162
4780 132
4781 94
4782 120
4783 132
4784 94
4785 94
4786 120
4787 106
4788 120
4789 132
4790 156
4791 60
4792 132
4793 88
4794 106
4795 82
4796 94
4797 94
4798 106
4799 126
4800 132
4801 94
4802 120
4803 69
4804 82
4805 94
4806 144
4807 106
4808 144
4809 156
4810 113
4811 106
4812 30
4813 216
4814 82
4815 132
4816 82
4817 144
4818 144
4819 42
4820 144
4821 168
4822 144
4823 60
4824 88
4825 120
4826 132
4827 94
4828 162
4829 69
4830 94
4831 94
4832 150
4833 144
4834 94
4835 156
4836 132
4837 82
4838 156
4839 50
4840 94
4841 156
4842 36
4843 36
4844 94
4845 144
4846 144
4847 94
4848 106
4849 138
4850 120
4851 120
4852 168
4853 30
4854 94
4855 106
4856 144
4857 168
4858 132
4859 50
4860 144
4861 180
4862 94
4863 106
4864 106
4865 94
4866 144
4867 156
4868 42
4869 36
4870 132
4871 60
4872 192
4873 106
4874 180
4875 144
4876 120
4877 30
4878 120
4879 156
4880 94
4881 156
4882 120
4883 132
4884 120
4885 88
4886 144
4887 75
4888 82
4889 106
4890 162
4891 82
4892 94
4893 132
4894 94
4895 150
4896 54
4897 144
4898 120
4899 132
4900 132
4901 36
4902 76
4903 132
4904 120
4905 132
4906 36
4907 94
4908 132
4909 132
4910 106
4911 82
4912 144
4913 156
4914 106
4915 94
4916 144
4917 120
4918 94
4919 144
4920 150
4921 156
4922 159
4923 132
4924 138
4925 144
4926 132
4927 216
4928 174
4929 132
4930 60
4931 120
4932 144
4933 120
4934 138
4935 138
4936 120
4937 132
4938 50
4939 144
4940 144
4941 150
4942 156
4943 94
4944 69
4945 144
4946 106
4947 156
4948 94
4949 138
4950 144
4951 82
4952 144
4953 120
4954 120
4955 120
4956 106
4957 82
4958 132
4959 120
4960 144
4961 132
4962 69
4963 120
4964 94
4965 150
4966 132
4967 144
4968 30
4969 132
4970 120
4971 168
4972 162
4973 132
4974 132
4975 94
4976 132
4977 94
4978 94
4979 60
4980 180
4981 94
4982 132
4983 30
4984 50
4985 132
4986 132
4987 120
4988 156
4989 147
4990 120
4991 120
4992 132
4993 72
4994 162
4995 32
4996 156
4997 69
4998 132
4999 132
5000 162
5001 94
5002 50
5003 106
5004 106
5005 120
5006 120
5007 132
5008 82
5009 112
5010 132
5011 24
5012 60
5013 132
5014 138
5015 36
5016 60
5017 94
5018 132
5019 94
5020 69
5021 82
5022 120
5023 126
5024 162
5025 106
5026 120
5027 132
5028 120
5029 94
5030 94
5031 120
5032 144
5033 94
5034 180
5035 132
5036 94
5037 94
5038 82
5039 132
5040 156
5041 120
5042 120
5043 162
5044 132
5045 106
5046 120
5047 106
5048 144
5049 75
5050 132
5051 132
5052 69
5053 94
5054 138
5055 168
5056 82
5057 180
5058 69
5059 216
5060 126
5061 120
5062 42
5063 156
5064 94
5065 132
5066 94
5067 180
5068 120
5069 82
5070 120
5071 144
5072 24
5073 162
5074 82
5075 132
5076 112
5077 156
5078 120
5079 180
5080 174
5081 69
5082 132
5083 144
5084 94
5085 82
5086 82
5087 120
5088 94
5089 138
5090 42
5091 120
5092 33
5093 132
5094 156
5095 144
5096 180
5097 156
5098 144
5099 94
5100 88
5101 106
5102 106
5103 150
5104 162
5105 50
5106 30
5107 156
5108 150
5109 106
5110 132
5111 84
5112 94
5113 180
5114 106
5115 156
5116 168
5117 156
5118 156
5119 36
5120 138
5121 126
5122 120
5123 144
5124 144
5125 82
5126 94
5127 138
5128 69
5129 82
5130 156
5131 138
5132 132
5133 126
5134 156
5135 120
5136 120
5137 204
5138 144
5139 120
5140 82
5141 120
5142 94
5143 120
5144 120
5145 94
5146 94
5147 106
5148 159
5149 144
5150 106
5151 132
5152 120
5153 132
5154 106
5155 144
5156 82
5157 150
5158 126
5159 94
5160 174
5161 106
5162 156
5163 88
5164 156
5165 144
5166 106
5167 94
5168 106
5169 138
5170 126
5171 60
5172 144
5173 94
5174 132
5175 132
5176 216
5177 120
5178 120
5179 168
5180 33
5181 94
5182 69
5183 94
5184 120
5185 94
5186 106
5187 82
5188 144
5189 156
5190 144
5191 174
5192 120
5193 94
5194 132
5195 106
5196 138
5197 69
5198 106
5199 180
5200 144
5201 144
5202 106
5203 120
5204 82
5205 144
5206 82
5207 82
5208 162
5209 168
5210 144
5211 168
5212 144
5213 132
5214 94
5215 106
5216 106
5217 94
5218 144
5219 94
5220 18
5221 82
5222 106
5223 132
5224 106
5225 180
5226 144
5227 204
5228 120
5229 132
5230 120
5231 120
5232 60
5233 94
5234 82
5235 132
5236 94
5237 162
5238 144
5239 162
5240 132
5241 94
5242 156
5243 132
5244 39
5245 106
5246 94
5247 132
5248 120
5249 156
5250 132
5251 106
5252 106
5253 106
5254 69
5255 159
5256 120
5257 82
5258 144
5259 120
5260 132
5261 144
5262 50
5263 82
5264 144
5265 144
5266 144
5267 82
5268 120
5269 132
5270 156
5271 162
5272 82
5273 112
5274 132
5275 100
5276 132
5277 132
5278 162
5279 60
5280 94
5281 120
5282 144
5283 192
5284 94
5285 106
5286 69
5287 106
5288 94
5289 120
5290 120
5291 94
5292 162
5293 65
5294 60
5295 60
5296 69
5297 180
5298 82
5299 82
5300 132
5301 94
5302 94
5303 106
5304 168
5305 60
5306 132
5307 132
5308 126
5309 162
5310 82
5311 94
5312 82
5313 120
5314 120
5315 126
5316 82
5317 106
5318 156
5319 94
5320 162
5321 88
5322 132
5323 106
5324 94
5325 69
5326 162
5327 144
5328 94
5329 94
5330 94
5331 144
5332 94
5333 144
5334 82
5335 106
5336 50
5337 132
5338 138
5339 94
5340 94
5341 162
5342 60
5343 50
5344 180
5345 75
5346 82
5347 138
5348 120
5349 120
5350 94
5351 94
5352 120
5353 132
5354 120
5355 144
5356 120
5357 94
5358 120
5359 156
5360 126
5361 132
5362 192
5363 132
5364 180
5365 82
5366 132
5367 82
5368 180
5369 132
5370 150
5371 100
5372 162
5373 144
5374 159
5375 106
5376 132
5377 69
5378 120
5379 162
5380 94
5381 69
5382 162
5383 94
5384 69
5385 132
5386 106
5387 126
5388 144
5389 94
5390 106
5391 156
5392 132
5393 159
5394 82
5395 132
5396 82
5397 156
5398 70
5399 94
5400 69
5401 132
5402 132
5403 106
5404 64
5405 106
5406 144
5407 106
5408 120
5409 82
5410 42
5411 82
5412 94
5413 82
5414 144
5415 82
5416 82
5417 106
5418 144
5419 94
5420 60
5421 94
5422 120
5423 106
5424 168
5425 120
5426 82
5427 156
5428 106
5429 156
5430 144
5431 50
5432 94
5433 94
5434 156
5435 82
5436 69
5437 156
5438 82
5439 132
5440 138
5441 120
5442 120
5443 156
5444 82
5445 120
5446 94
5447 94
5448 144
5449 144
5450 162
5451 150
5452 114
5453 113
5454 94
5455 106
5456 36
5457 106
5458 156
5459 159
5460 36
5461 94
5462 69
5463 162
5464 120
5465 106
5466 106
5467 168
5468 132
5469 144
5470 120
5471 94
5472 60
5473 106
5474 132
5475 113
5476 82
5477 144
5478 120
5479 120
5480 132
5481 69
5482 138
5483 180
5484 106
5485 50
5486 106
5487 94
5488 120
5489 106
5490 120
5491 162
5492 120
5493 126
5494 156
5495 106
5496 120
5497 94
5498 126
5499 94
5500 94
5501 144
5502 113
5503 106
5504 82
5505 144
5506 69
5507 132
5508 180
5509 120
5510 144
5511 120
5512 132
5513 162
5514 132
5515 156
5516 55
5517 120
5518 156
5519 156
5520 106
5521 144
5522 132
5523 120
5524 106
5525 144
5526 132
5527 162
5528 132
5529 120
5530 69
5531 132
5532 82
5533 69
5534 120
5535 69
5536 132
5537 120
5538 94
5539 18
5540 156
5541 94
5542 36
5543 132
5544 106
5545 94
5546 162
5547 132
5548 120
5549 82
5550 82
5551 60
5552 132
5553 156
5554 120
5555 120
5556 82
5557 69
5558 162
5559 120
5560 144
5561 18
5562 106
5563 106
5564 94
5565 132
5566 156
5567 162
5568 120
5569 162
5570 120
5571 106
5572 60
5573 106
5574 144
5575 132
5576 69
5577 94
5578 132
5579 82
5580 120
5581 94
5582 132
5583 106
5584 156
5585 50
5586 106
5587 60
5588 132
5589 94
5590 168
5591 50
5592 120
5593 42
5594 132
5595 94
5596 132
5597 120
5598 50
5599 82
5600 82
5601 106
5602 120
5603 106
5604 94
5605 106
5606 82
5607 144
5608 180
5609 144
5610 126
5611 106
5612 69
5613 94
5614 106
5615 132
5616 144
5617 168
5618 94
5619 132
5620 69
5621 60
5622 132
5623 94
5624 120
5625 162
5626 156
5627 132
5628 60
5629 94
5630 36
5631 75
5632 132
5633 82
5634 106
5635 94
5636 120
5637 132
5638 82
5639 106
5640 132
5641 69
5642 162
5643 120
5644 159
5645 106
5646 60
5647 144
5648 144
5649 82
5650 126
5651 144
5652 132
5653 144
5654 144
5655 126
5656 180
5657 156
5658 144
5659 162
5660 126
5661 94
5662 94
5663 82
5664 120
5665 69
5666 120
5667 106
5668 156
5669 156
5670 69
5671 132
5672 82
5673 120
5674 69
5675 144
5676 150
5677 120
5678 180
5679 168
5680 106
5681 69
5682 192
5683 132
5684 82
5685 94
5686 88
5687 94
5688 120
5689 180
5690 156
5691 132
5692 82
5693 126
5694 126
5695 132
5696 132
5697 132
5698 162
5699 120
5700 132
5701 120
5702 132
5703 94
5704 132
5705 120
5706 82
5707 120
5708 150
5709 156
5710 82
5711 82
5712 106
5713 120
5714 132
5715 60
5716 94
5717 82
5718 106
5719 100
5720 106
5721 150
5722 82
5723 60
5724 180
5725 36
5726 120
5727 156
5728 180
5729 60
5730 132
5731 156
5732 69
5733 82
5734 106
5735 180
5736 69
5737 82
5738 144
5739 106
5740 132
5741 82
5742 120
5743 144
5744 94
5745 69
5746 132
5747 144
5748 120
5749 144
5750 120
5751 132
5752 180
5753 82
5754 192
5755 120
5756 69
5757 144
5758 94
5759 138
5760 132
5761 144
5762 100
5763 69
5764 120
5765 82
5766 144
5767 162
5768 132
5769 150
5770 50
5771 113
5772 120
5773 144
5774 82
5775 106
5776 50
5777 113
5778 55
5779 30
5780 18
5781 132
5782 120
5783 39
5784 50
5785 156
5786 156
5787 94
5788 106
5789 120
5790 132
5791 48
5792 24
5793 94
5794 180
5795 132
5796 26
5797 162
5798 94
5799 120
5800 132
5801 76
5802 152
5803 120
5804 43
5805 144
5806 94
5807 106
5808 192
5809 132
5810 156
5811 150
5812 144
5813 204
5814 168
5815 180
5816 82
5817 180
5818 24
5819 60
5820 180
5821 106
5822 168
5823 69
5824 69
5825 168
5826 108
5827 94
5828 150
5829 192
5830 94
5831 132
5832 144
5833 132
5834 210
5835 156
5836 21
5837 132
5838 82
5839 120
5840 120
5841 176
5842 144
5843 18
5844 180
5845 168
5846 156
5847 120
5848 120
5849 60
5850 180
5851 180
5852 168
5853 168
5854 54
5855 180
5856 156
5857 100
5858 82
5859 82
5860 144
5861 162
5862 64
5863 120
5864 180
5865 132
5866 106
5867 132
5868 120
5869 156
5870 120
5871 138
5872 120
5873 138
5874 138
5875 94
5876 107
5877 120
5878 160
5879 132
5880 144
5881 228
5882 106
5883 18
5884 120
5885 120
5886 3
5887 120
5888 15
5889 114
5890 132
5891 192
5892 156
5893 162
5894 106
5895 156
5896 24
5897 174
5898 106
5899 156
5900 180
5901 160
5902 156
5903 132
5904 48
5905 84
5906 54
5907 120
5908 120
5909 156
5910 144
5911 96
5912 138
5913 126
5914 72
5915 96
5916 106
5917 120
5918 84
5919 144
5920 96
5921 84
5922 132
5923 106
5924 120
5925 126
5926 72
5927 144
5928 168
5929 96
5930 72
5931 72
5932 84
5933 126
5934 204
5935 120
5936 180
5937 144
5938 120
5939 48
5940 76
5941 144
5942 24
5943 132
5944 82
5945 132
5946 120
5947 72
5948 36
5949 132
5950 120
5951 96
5952 48
5953 36
5954 69
5955 94
5956 156
5957 88
5958 94
5959 106
5960 132
5961 94
5962 144
5963 192
5964 120
5965 82
5966 84
5967 168
5968 144
5969 168
5970 60
5971 162
5972 132
5973 42
5974 138
5975 156
5976 180
5977 132
5978 82
5979 144
5980 168
5981 82
5982 82
5983 69
5984 186
5985 69
5986 82
5987 50
5988 69
5989 82
5990 94
5991 60
5992 94
5993 156
5994 132
5995 120
5996 180
5997 126
5998 132
5999 156
6000 120
6001 76
6002 126
6003 180
6004 204
6005 36
6006 106
6007 120
6008 60
6009 94
6010 69
6011 120
6012 180
6013 120
6014 150
6015 82
6016 162
6017 106
6018 150
6019 132
6020 144
6021 192
6022 132
6023 132
6024 106
6025 126
6026 82
6027 162
6028 94
6029 36
6030 94
6031 132
6032 156
6033 106
6034 120
6035 60
6036 69
6037 94
6038 162
6039 60
6040 144
6041 132
6042 120
6043 168
6044 42
6045 132
6046 94
6047 82
6048 106
6049 126
6050 94
6051 144
6052 120
6053 156
6054 94
6055 120
6056 132
6057 132
6058 120
6059 94
6060 36
6061 132
6062 120
6063 50
6064 132
6065 150
6066 156
6067 106
6068 88
6069 120
6070 156
6071 120
6072 82
6073 106
6074 106
6075 132
6076 156
6077 132
6078 82
6079 192
6080 120
6081 132
6082 106
6083 106
6084 82
6085 106
6086 168
6087 144
6088 120
6089 120
6090 120
6091 204
6092 144
6093 106
6094 126
6095 94
6096 94
6097 69
6098 94
6099 69
6100 88
6101 100
6102 106
6103 94
6104 106
6105 144
6106 132
6107 132
6108 69
6109 144
6110 120
6111 144
6112 132
6113 210
6114 120
6115 156
6116 132
6117 144
6118 132
6119 94
6120 82
6121 180
6122 156
6123 144
6124 36
6125 94
6126 132
6127 50
6128 132
6129 120
6130 113
6131 144
6132 106
6133 144
6134 132
6135 94
6136 162
6137 120
6138 144
6139 144
6140 156
6141 106
6142 69
6143 180
6144 84
6145 144
6146 82
6147 144
6148 144
6149 132
6150 156
6151 94
6152 88
6153 60
6154 82
6155 106
6156 120
6157 94
6158 168
6159 144
6160 156
6161 138
6162 132
6163 106
6164 50
6165 216
6166 159
6167 94
6168 36
6169 106
6170 138
6171 180
6172 192
6173 106
6174 120
6175 106
6176 144
6177 156
6178 82
6179 156
6180 82
6181 144
6182 55
6183 144
6184 132
6185 48
6186 156
6187 162
6188 132
6189 132
6190 138
6191 94
6192 94
6193 126
6194 106
6195 144
6196 180
6197 132
6198 144
6199 60
6200 94
6201 138
6202 94
6203 94
6204 94
6205 94
6206 106
6207 60
6208 162
6209 156
6210 106
6211 60
6212 120
6213 144
6214 156
6215 156
6216 120
6217 132
6218 144
6219 162
6220 144
6221 94
6222 106
6223 106
6224 100
6225 162
6226 120
6227 120
6228 94
6229 120
6230 69
6231 132
6232 82
6233 144
6234 82
6235 120
6236 120
6237 94
6238 168
6239 132
6240 94
6241 162
6242 180
6243 106
6244 120
6245 120
6246 132
6247 144
6248 88
6249 132
6250 156
6251 132
6252 120
6253 162
6254 132
6255 39
6256 150
6257 94
6258 106
6259 162
6260 156
6261 144
6262 120
6263 113
6264 144
6265 132
6266 106
6267 94
6268 100
6269 144
6270 180
6271 106
6272 126
6273 144
6274 168
6275 94
6276 106
6277 120
6278 82
6279 138
6280 82
6281 120
6282 162
6283 88
6284 106
6285 69
6286 144
6287 82
6288 126
6289 120
6290 159
6291 82
6292 82
6293 106
6294 82
6295 144
6296 94
6297 162
6298 113
6299 132
6300 94
6301 69
6302 132
6303 24
6304 192
6305 94
6306 162
6307 14
6308 69
6309 132
6310 132
6311 144
6312 69
6313 94
6314 132
6315 168
6316 106
6317 60
6318 180
6319 150
6320 106
6321 106
6322 132
6323 82
6324 94
6325 94
6326 132
6327 144
6328 82
6329 132
6330 88
6331 120
6332 162
6333 94
6334 168
6335 94
6336 82
6337 120
6338 132
6339 82
6340 65
6341 144
6342 60
6343 162
6344 144
6345 132
6346 76
6347 132
6348 156
6349 106
6350 132
6351 106
6352 162
6353 82
6354 113
6355 132
6356 138
6357 60
6358 36
6359 120
6360 106
6361 100
6362 106
6363 94
6364 132
6365 82
6366 106
6367 162
6368 94
6369 50
6370 120
6371 144
6372 126
6373 106
6374 144
6375 120
6376 120
6377 132
6378 94
6379 165
6380 144
6381 150
6382 168
6383 82
6384 126
6385 106
6386 88
6387 159
6388 132
6389 144
6390 162
6391 144
6392 132
6393 156
6394 82
6395 132
6396 94
6397 150
6398 120
6399 144
6400 42
6401 156
6402 150
6403 94
6404 69
6405 94
6406 82
6407 144
6408 69
6409 156
6410 120
6411 88
6412 174
6413 60
6414 106
6415 144
6416 120
6417 156
6418 156
6419 132
6420 69
6421 36
6422 126
6423 88
6424 132
6425 156
6426 144
6427 69
6428 42
6429 132
6430 120
