1 120
2 138
3 150
4 156
5 36
6 138
7 138
8 156
9 180
10 57
11 126
12 149
13 78
14 162
15 126
16 88
17 32
18 120
19 156
20 54
21 174
22 33
23 54
24 170
25 180
26 108
27 165
28 60
29 42
30 21
31 132
32 90
33 192
34 32
35 84
36 96
37 96
38 120
39 216
40 54
41 60
42 36
43 138
44 100
45 72
46 156
47 150
48 48
49 162
50 138
51 139
52 24
53 156
54 120
55 69
56 90
57 186
58 60
59 138
60 132
61 138
62 13
63 135
64 84
65 108
66 60
67 96
68 186
69 156
70 84
71 108
72 146
73 132
74 24
75 189
76 150
77 54
78 12
79 126
80 135
81 72
82 42
83 27
84 150
85 120
86 144
87 51
88 108
89 102
90 134
91 132
92 54
93 72
94 138
95 192
96 156
97 168
98 64
99 96
100 168
101 84
102 108
103 27
104 189
105 162
106 156
107 174
108 48
109 120
110 90
111 126
112 129
113 57
114 54
115 108
116 147
117 156
118 120
119 156
120 138
121 14
122 165
123 120
124 45
125 48
126 138
127 192
128 138
129 156
130 28
131 12
132 150
133 96
134 57
135 128
136 180
137 120
138 32
139 149
140 138
141 186
142 90
143 210
144 45
145 132
146 138
147 60
148 102
149 138
150 222
151 138
152 102
153 120
154 66
155 198
156 138
157 120
158 48
159 24
160 138
161 150
162 24
163 162
164 150
165 200
166 174
167 162
168 120
169 96
170 144
171 60
172 42
173 156
174 156
175 138
176 180
177 48
178 104
179 156
180 80
181 21
182 9
183 114
184 112
185 204
186 162
187 162
188 156
189 9
190 198
191 159
192 66
193 180
194 54
195 154
196 204
197 48
198 150
199 126
200 156
201 120
202 58
203 165
204 192
205 42
206 216
207 66
208 67
209 116
210 168
211 96
212 101
213 57
214 132
215 198
216 186
217 36
218 150
219 124
220 147
221 120
222 128
223 132
224 56
225 132
226 130
227 72
228 150
229 27
230 150
231 162
232 132
233 174
234 156
235 186
236 78
237 158
238 126
239 136
240 162
241 228
242 60
243 21
244 84
245 168
246 156
247 156
248 168
249 38
250 72
251 168
252 164
253 60
254 137
255 189
256 156
257 56
258 138
259 138
260 150
261 72
262 204
263 162
264 120
265 162
266 168
267 174
268 162
269 126
270 150
271 138
272 168
273 96
274 164
275 162
276 60
277 138
278 24
279 84
280 168
281 96
282 198
283 150
284 108
285 162
286 150
287 96
288 72
289 138
290 15
291 138
292 108
293 168
294 108
295 102
296 60
297 138
298 156
299 172
300 114
301 126
302 150
303 108
304 60
305 138
306 108
307 18
308 126
309 168
310 150
311 135
312 132
313 84
314 168
315 132
316 138
317 36
318 12
319 54
320 84
321 84
322 168
323 168
324 108
325 144
326 58
327 184
328 138
329 108
330 192
331 132
332 168
333 84
334 150
335 84
336 138
337 168
338 143
339 69
340 150
341 156
342 76
343 54
344 169
345 121
346 150
347 168
348 156
349 162
350 159
351 120
352 162
353 150
354 138
355 120
356 150
357 156
358 214
359 108
360 150
361 156
362 150
363 15
364 150
365 60
366 115
367 168
368 162
369 150
370 150
371 48
372 162
373 156
374 180
375 150
376 72
377 108
378 21
379 75
380 162
381 146
382 156
383 168
384 150
385 28
386 24
387 150
388 136
389 60
390 144
391 168
392 17
393 96
394 168
395 168
396 48
397 180
398 96
399 162
400 150
401 150
402 28
403 168
404 120
405 72
406 72
407 138
408 138
409 138
410 114
411 84
412 159
413 168
414 168
415 186
416 186
417 162
418 60
419 168
420 132
421 120
422 168
423 216
424 156
425 165
426 180
427 138
428 162
429 168
430 135
431 168
432 108
433 72
434 156
435 156
436 132
437 156
438 72
439 162
440 138
441 120
442 168
443 192
444 162
445 168
446 168
447 162
448 150
449 156
450 162
451 54
452 180
453 180
454 18
455 150
456 34
457 168
458 162
459 106
460 198
461 144
462 36
463 54
464 168
465 120
466 162
467 120
468 132
469 186
470 156
471 132
472 60
473 168
474 192
475 192
476 192
477 168
478 72
479 132
480 156
481 168
482 168
483 84
484 150
485 168
486 168
487 120
488 168
489 180
490 150
491 168
492 168
493 192
494 156
495 180
496 168
497 180
498 156
499 204
500 84
501 150
502 120
503 168
504 168
505 162
506 162
507 36
508 192
509 150
510 156
511 204
512 162
513 150
514 168
515 150
516 192
517 156
518 168
519 168
520 192
521 150
522 186
523 150
524 156
525 156
526 168
527 72
528 151
529 150
530 180
531 186
532 168
533 51
534 192
535 156
536 186
537 150
538 162
539 144
540 204
541 132
542 156
543 120
544 168
545 150
546 138
547 156
548 168
549 60
550 120
551 186
552 150
553 162
554 168
555 90
556 162
557 60
558 194
559 132
560 150
561 204
562 18
563 189
564 162
565 192
566 144
567 156
568 168
569 150
570 150
571 138
572 150
573 144
574 174
575 168
576 156
577 204
578 156
579 108
580 168
581 108
582 150
583 192
584 156
585 168
586 156
587 150
588 156
589 132
590 150
591 138
592 186
593 120
594 54
595 57
596 168
597 156
598 36
599 132
600 186
601 12
602 204
603 132
604 186
605 204
606 54
607 186
608 186
609 138
610 150
611 144
612 156
613 156
614 150
615 138
616 168
617 150
618 42
619 138
620 84
621 150
622 15
623 180
624 138
625 132
626 162
627 162
628 204
629 168
630 168
631 96
632 120
633 168
634 150
635 177
636 186
637 180
638 162
639 168
640 168
641 162
642 168
643 192
644 174
645 180
646 156
647 132
648 168
649 204
650 216
651 132
652 84
653 156
654 192
655 132
656 180
657 150
658 84
659 186
660 192
661 180
662 168
663 168
664 42
665 186
666 156
667 168
668 108
669 48
670 132
671 186
672 150
673 132
674 120
675 186
676 156
677 162
678 162
679 216
680 186
681 204
682 156
683 156
684 138
685 120
686 168
687 192
688 216
689 162
690 162
691 132
692 204
693 180
694 162
695 168
696 204
697 180
698 162
699 180
700 162
701 168
702 162
703 180
704 84
705 156
706 174
707 186
708 132
709 198
710 156
711 108
712 9
713 168
714 156
715 168
716 168
717 108
718 165
719 184
720 81
721 126
722 158
723 108
724 162
725 54
726 108
727 96
728 180
729 156
730 168
731 45
732 159
733 72
734 132
735 34
736 150
737 150
738 162
739 51
740 132
741 120
742 150
743 168
744 186
745 72
746 24
747 162
748 168
749 132
750 120
751 204
752 108
753 138
754 186
755 150
756 126
757 162
758 192
759 162
760 168
761 108
762 156
763 156
764 186
765 198
766 60
767 168
768 150
769 150
770 162
771 192
772 162
773 210
774 168
775 204
776 180
777 180
778 186
779 84
780 138
781 132
782 150
783 126
784 192
785 168
786 156
787 24
788 168
789 168
790 54
791 32
792 162
793 108
794 147
795 186
796 186
797 126
798 216
799 168
800 156
801 228
802 162
803 105
804 162
805 150
806 132
807 132
808 150
809 138
810 192
811 180
812 180
813 162
814 186
815 168
816 180
817 162
818 150
819 180
820 168
821 168
822 114
823 120
824 162
825 138
826 156
827 108
828 156
829 138
830 60
831 180
832 120
833 162
834 168
835 150
836 168
837 132
838 120
839 34
840 156
841 84
842 42
843 54
844 126
845 183
846 152
847 156
848 165
849 96
850 192
851 162
852 60
853 168
854 84
855 186
856 168
857 138
858 60
859 168
860 174
861 78
862 120
863 150
864 168
865 132
866 168
867 162
868 120
869 168
870 108
871 150
872 156
873 180
874 15
875 51
876 108
877 168
878 168
879 168
880 168
881 125
882 162
883 120
884 159
885 108
886 132
887 162
888 156
889 174
890 162
891 176
892 133
893 156
894 114
895 165
896 168
897 180
898 150
899 156
900 165
901 165
902 144
903 150
904 168
905 165
906 153
907 82
908 156
909 120
910 138
911 124
912 153
913 180
914 204
915 192
916 162
917 189
918 96
919 168
920 180
921 168
922 204
923 192
924 168
925 168
926 114
927 152
928 159
929 141
930 144
931 60
932 162
933 168
934 150
935 180
936 216
937 156
938 173
939 139
940 156
941 196
942 159
943 150
944 165
945 174
946 168
947 165
948 216
949 180
950 168
951 204
952 96
953 198
954 204
955 162
956 162
957 204
958 132
959 168
960 180
961 156
962 156
963 168
964 150
965 108
966 204
967 160
968 66
969 144
970 156
971 138
972 162
973 192
974 156
975 132
976 180
977 162
978 132
979 192
980 174
981 186
982 180
983 156
984 84
985 216
986 138
987 60
988 192
989 156
990 168
991 174
992 192
993 162
994 162
995 162
996 168
997 120
998 159
999 159
1000 183
1001 180
1002 18
1003 114
1004 156
1005 150
1006 186
1007 186
1008 168
1009 120
1010 48
1011 135
1012 192
1013 174
1014 84
1015 144
1016 150
1017 156
1018 156
1019 180
1020 156
1021 132
1022 138
1023 156
1024 192
1025 186
1026 168
1027 174
1028 60
1029 24
1030 153
1031 168
1032 168
1033 132
1034 168
1035 168
1036 189
1037 170
1038 168
1039 156
1040 168
1041 138
1042 186
1043 192
1044 176
1045 180
1046 162
1047 32
1048 168
1049 42
1050 196
1051 106
1052 84
1053 58
1054 96
1055 162
1056 18
1057 57
1058 75
1059 118
1060 24
1061 192
1062 124
1063 108
1064 210
1065 24
1066 20
1067 150
1068 57
1069 36
1070 168
1071 62
1072 90
1073 108
1074 66
1075 108
1076 102
1077 18
1078 189
1079 138
1080 160
1081 96
1082 162
1083 210
1084 138
1085 72
1086 125
1087 124
1088 165
1089 192
1090 186
1091 156
1092 156
1093 32
1094 176
1095 132
1096 168
1097 162
1098 156
1099 180
1100 134
1101 138
1102 120
1103 180
1104 150
1105 162
1106 132
1107 138
1108 162
1109 162
1110 168
1111 135
1112 222
1113 156
1114 150
1115 174
1116 96
1117 72
1118 192
1119 96
1120 150
1121 120
1122 186
1123 108
1124 132
1125 180
1126 62
1127 150
1128 150
1129 57
1130 57
1131 156
1132 144
1133 162
1134 156
1135 154
1136 156
1137 168
1138 144
1139 162
1140 60
1141 162
1142 96
1143 108
1144 138
1145 120
1146 66
1147 138
1148 84
1149 108
1150 164
1151 150
1152 108
1153 156
1154 84
1155 144
1156 66
1157 150
1158 153
1159 156
1160 156
1161 174
1162 204
1163 192
1164 82
1165 78
1166 180
1167 138
1168 48
1169 156
1170 147
1171 60
1172 15
1173 72
1174 204
1175 168
1176 200
1177 168
1178 108
1179 138
1180 192
1181 96
1182 150
1183 54
1184 150
1185 126
1186 150
1187 42
1188 48
1189 88
1190 212
1191 150
1192 180
1193 54
1194 158
1195 168
1196 144
1197 168
1198 150
1199 168
1200 198
1201 132
1202 154
1203 138
1204 156
1205 120
1206 54
1207 28
1208 114
1209 168
1210 144
1211 192
1212 189
1213 162
1214 132
1215 156
1216 120
1217 120
1218 150
1219 120
1220 170
1221 164
1222 192
1223 168
1224 150
1225 162
1226 120
1227 1
1228 168
1229 24
1230 42
1231 132
1232 138
1233 36
1234 84
1235 156
1236 192
1237 42
1238 135
1239 165
1240 192
1241 162
1242 138
1243 168
1244 156
1245 156
1246 120
1247 51
1248 162
1249 150
1250 120
1251 156
1252 210
1253 216
1254 21
1255 132
1256 120
1257 144
1258 204
1259 32
1260 114
1261 216
1262 212
1263 150
1264 126
1265 60
1266 54
1267 146
1268 84
1269 156
1270 96
1271 84
1272 138
1273 120
1274 10
1275 150
1276 180
1277 84
1278 180
1279 162
1280 168
1281 183
1282 165
1283 144
1284 132
1285 164
1286 150
1287 108
1288 132
1289 180
1290 120
1291 60
1292 174
1293 156
1294 114
1295 84
1296 72
1297 192
1298 144
1299 180
1300 168
1301 180
1302 84
1303 168
1304 180
1305 18
1306 186
1307 63
1308 192
1309 54
1310 132
1311 162
1312 162
1313 51
1314 144
1315 17
1316 120
1317 150
1318 28
1319 120
1320 156
1321 156
1322 132
1323 132
1324 120
1325 144
1326 24
1327 163
1328 150
1329 156
1330 156
1331 134
1332 156
1333 96
1334 204
1335 150
1336 78
1337 96
1338 204
1339 184
1340 72
1341 87
1342 52
1343 216
1344 182
1345 156
1346 156
1347 168
1348 153
1349 156
1350 186
1351 204
1352 168
1353 120
1354 54
1355 100
1356 156
1357 165
1358 102
1359 150
1360 142
1361 96
1362 168
1363 168
1364 168
1365 189
1366 114
1367 165
1368 198
1369 204
1370 120
1371 156
1372 138
1373 156
1374 120
1375 21
1376 32
1377 132
1378 15
1379 179
1380 108
1381 96
1382 138
1383 72
1384 132
1385 168
1386 180
1387 180
1388 108
1389 102
1390 132
1391 150
1392 168
1393 108
1394 24
1395 72
1396 180
1397 54
1398 198
1399 108
1400 138
1401 198
1402 204
1403 54
1404 186
1405 72
1406 180
1407 66
1408 58
1409 168
1410 156
1411 228
1412 132
1413 162
1414 101
1415 75
1416 132
1417 132
1418 138
1419 144
1420 156
1421 216
1422 150
1423 42
1424 198
1425 150
1426 138
1427 156
1428 162
1429 150
1430 72
1431 90
1432 168
1433 72
1434 156
1435 138
1436 150
1437 150
1438 186
1439 168
1440 168
1441 15
1442 153
1443 156
1444 162
1445 162
1446 132
1447 168
1448 153
1449 189
1450 60
1451 156
1452 48
1453 204
1454 162
1455 192
1456 156
1457 150
1458 180
1459 42
1460 150
1461 168
1462 54
1463 159
1464 168
1465 138
1466 108
1467 60
1468 156
1469 156
1470 135
1471 150
1472 180
1473 180
1474 45
1475 162
1476 162
1477 32
1478 162
1479 144
1480 180
1481 180
1482 204
1483 100
1484 162
1485 138
1486 108
1487 156
1488 156
1489 120
1490 84
1491 156
1492 156
1493 156
1494 168
1495 156
1496 180
1497 132
1498 168
1499 138
1500 126
1501 114
1502 96
1503 60
1504 132
1505 156
1506 96
1507 168
1508 168
1509 162
1510 132
1511 144
1512 156
1513 144
1514 84
1515 168
1516 156
1517 84
1518 156
1519 78
1520 132
1521 180
1522 204
1523 156
1524 132
1525 132
1526 180
1527 132
1528 168
1529 150
1530 153
1531 156
1532 150
1533 126
1534 168
1535 144
1536 156
1537 72
1538 144
1539 204
1540 120
1541 132
1542 168
1543 114
1544 132
1545 156
1546 174
1547 144
1548 204
1549 120
1550 144
1551 72
1552 96
1553 132
1554 108
1555 165
1556 54
1557 120
1558 180
1559 156
1560 156
1561 144
1562 180
1563 120
1564 72
1565 192
1566 84
1567 168
1568 132
1569 144
1570 72
1571 102
1572 54
1573 132
1574 156
1575 144
1576 144
1577 168
1578 156
1579 84
1580 132
1581 72
1582 198
1583 168
1584 156
1585 156
1586 156
1587 84
1588 51
1589 132
1590 192
1591 153
1592 66
1593 150
1594 144
1595 132
1596 144
1597 96
1598 156
1599 168
1600 156
1601 96
1602 132
1603 57
1604 135
1605 168
1606 180
1607 204
1608 168
1609 153
1610 72
1611 28
1612 156
1613 156
1614 168
1615 156
1616 156
1617 144
1618 96
1619 96
1620 168
1621 180
1622 144
1623 114
1624 132
1625 132
1626 168
1627 168
1628 156
1629 132
1630 168
1631 96
1632 126
1633 156
1634 162
1635 96
1636 96
1637 72
1638 120
1639 156
1640 90
1641 144
1642 120
1643 132
1644 108
1645 132
1646 120
1647 144
1648 96
1649 180
1650 96
1651 168
1652 132
1653 204
1654 156
1655 180
1656 168
1657 108
1658 120
1659 96
1660 168
1661 168
1662 180
1663 132
1664 156
1665 186
1666 126
1667 72
1668 180
1669 132
1670 168
1671 108
1672 156
1673 120
1674 108
1675 168
1676 84
1677 165
1678 156
1679 162
1680 120
1681 156
1682 72
1683 132
1684 192
1685 48
1686 120
1687 156
1688 84
1689 144
1690 168
1691 156
1692 60
1693 165
1694 96
1695 180
1696 159
1697 168
1698 90
1699 150
1700 168
1701 168
1702 168
1703 132
1704 144
1705 180
1706 72
1707 24
1708 156
1709 156
1710 156
1711 144
1712 180
1713 156
1714 132
1715 168
1716 120
1717 186
1718 168
1719 132
1720 120
1721 108
1722 180
1723 102
1724 54
1725 156
1726 132
1727 108
1728 132
1729 78
1730 156
1731 96
1732 132
1733 144
1734 96
1735 162
1736 120
1737 156
1738 96
1739 84
1740 144
1741 174
1742 84
1743 156
1744 192
1745 204
1746 132
1747 120
1748 132
1749 144
1750 24
1751 156
1752 48
1753 108
1754 132
1755 96
1756 156
1757 132
1758 42
1759 96
1760 174
1761 168
1762 174
1763 84
1764 144
1765 174
1766 144
1767 132
1768 144
1769 126
1770 72
1771 144
1772 180
1773 144
1774 138
1775 150
1776 132
1777 168
1778 84
1779 96
1780 144
1781 18
1782 132
1783 162
1784 144
1785 153
1786 168
1787 192
1788 48
1789 120
1790 108
1791 120
1792 186
1793 162
1794 144
1795 168
1796 168
1797 96
1798 159
1799 120
1800 108
1801 168
1802 120
1803 153
1804 108
1805 48
1806 156
1807 96
1808 156
1809 144
1810 84
1811 126
1812 108
1813 168
1814 132
1815 156
1816 84
1817 108
1818 156
1819 168
1820 180
1821 156
1822 120
1823 36
1824 168
1825 126
1826 108
1827 132
1828 156
1829 96
1830 168
1831 156
1832 159
1833 156
1834 156
1835 72
1836 144
1837 168
1838 72
1839 168
1840 120
1841 156
1842 144
1843 144
1844 132
1845 84
1846 156
1847 144
1848 120
1849 204
1850 132
1851 156
1852 168
1853 72
1854 144
1855 28
1856 168
1857 36
1858 156
1859 120
1860 216
1861 48
1862 138
1863 96
1864 168
1865 144
1866 144
1867 156
1868 16
1869 96
1870 132
1871 132
1872 120
1873 156
1874 180
1875 156
1876 204
1877 156
1878 60
1879 132
1880 96
1881 228
1882 132
1883 132
1884 156
1885 144
1886 120
1887 168
1888 144
1889 72
1890 156
1891 156
1892 198
1893 132
1894 210
1895 156
1896 108
1897 150
1898 132
1899 132
1900 204
1901 90
1902 204
1903 180
1904 168
1905 168
1906 66
1907 156
1908 120
1909 156
1910 186
1911 96
1912 156
1913 156
1914 72
1915 168
1916 156
1917 84
1918 168
1919 132
1920 204
1921 168
1922 132
1923 84
1924 165
1925 72
1926 108
1927 180
1928 180
1929 156
1930 168
1931 144
1932 144
1933 126
1934 174
1935 174
1936 156
1937 144
1938 132
1939 168
1940 96
1941 174
1942 48
1943 180
1944 156
1945 24
1946 132
1947 204
1948 144
1949 36
1950 132
1951 156
1952 132
1953 204
1954 132
1955 204
1956 60
1957 156
1958 180
1959 168
1960 150
1961 156
1962 96
1963 144
1964 156
1965 48
1966 132
1967 120
1968 72
1969 156
1970 156
1971 93
1972 96
1973 108
1974 144
1975 168
1976 156
1977 144
1978 114
1979 120
1980 156
1981 156
1982 96
1983 132
1984 60
1985 84
1986 156
1987 132
1988 156
1989 120
1990 108
1991 156
1992 108
1993 204
1994 168
1995 108
1996 132
1997 72
1998 192
1999 156
2000 156
2001 108
2002 204
2003 120
2004 168
2005 72
2006 156
2007 132
2008 204
2009 48
2010 72
2011 168
2012 132
2013 72
2014 144
2015 168
2016 192
2017 84
2018 156
2019 156
2020 132
2021 204
2022 168
2023 144
2024 132
2025 138
2026 72
2027 66
2028 120
2029 192
2030 60
2031 28
2032 132
2033 156
2034 150
2035 180
2036 84
2037 168
2038 156
2039 174
2040 120
2041 174
2042 120
2043 168
2044 144
2045 156
2046 72
2047 108
2048 144
2049 96
2050 156
2051 132
2052 90
2053 156
2054 204
2055 168
2056 132
2057 18
2058 156
2059 174
2060 108
2061 144
2062 168
2063 156
2064 168
2065 36
2066 96
2067 108
2068 120
2069 156
2070 114
2071 162
2072 60
2073 156
2074 162
2075 108
2076 165
2077 138
2078 162
2079 24
2080 153
2081 96
2082 90
2083 186
2084 120
2085 132
2086 108
2087 192
2088 120
2089 168
2090 108
2091 138
2092 162
2093 150
2094 51
2095 192
2096 48
2097 132
2098 168
2099 156
2100 48
2101 162
2102 180
2103 156
2104 48
2105 192
2106 132
2107 153
2108 78
2109 168
2110 162
2111 204
2112 72
2113 96
2114 168
2115 162
2116 156
2117 162
2118 78
2119 90
2120 150
2121 156
2122 156
2123 162
2124 39
2125 162
2126 120
2127 165
2128 156
2129 150
2130 162
2131 120
2132 48
2133 159
2134 135
2135 150
2136 78
2137 96
2138 204
2139 96
2140 204
2141 192
2142 174
2143 108
2144 96
2145 108
2146 156
2147 150
2148 96
2149 156
2150 168
2151 84
2152 162
2153 60
2154 48
2155 120
2156 216
2157 108
2158 150
2159 132
2160 48
2161 204
2162 138
2163 159
2164 84
2165 138
2166 54
2167 156
2168 150
2169 168
2170 168
2171 132
2172 180
2173 126
2174 168
2175 168
2176 60
2177 150
2178 150
2179 84
2180 204
2181 138
2182 168
2183 96
2184 198
2185 168
2186 66
2187 168
2188 132
2189 108
2190 42
2191 168
2192 162
2193 54
2194 72
2195 162
2196 72
2197 156
2198 162
2199 168
2200 126
2201 96
2202 162
2203 72
2204 48
2205 162
2206 96
2207 168
2208 204
2209 204
2210 150
2211 150
2212 108
2213 150
2214 162
2215 96
2216 189
2217 156
2218 84
2219 42
2220 120
2221 132
2222 156
2223 156
2224 162
2225 168
2226 168
2227 138
2228 168
2229 156
2230 138
2231 150
2232 132
2233 102
2234 156
2235 180
2236 162
2237 108
2238 168
2239 150
2240 204
2241 132
2242 162
2243 156
2244 78
2245 162
2246 150
2247 138
2248 156
2249 108
2250 96
2251 108
2252 162
2253 96
2254 168
2255 108
2256 84
2257 150
2258 108
2259 60
2260 162
2261 204
2262 153
2263 216
2264 216
2265 150
2266 168
2267 138
2268 168
2269 168
2270 156
2271 168
2272 150
2273 126
2274 114
2275 66
2276 192
2277 168
2278 45
2279 102
2280 150
2281 150
2282 162
2283 120
2284 174
2285 126
2286 150
2287 120
2288 156
2289 144
2290 162
2291 168
2292 132
2293 204
2294 72
2295 132
2296 153
2297 186
2298 168
2299 156
2300 168
2301 66
2302 150
2303 162
2304 138
2305 36
2306 96
2307 150
2308 192
2309 174
2310 72
2311 162
2312 126
2313 156
2314 138
2315 159
2316 24
2317 150
2318 162
2319 174
2320 162
2321 168
2322 120
2323 114
2324 60
2325 156
2326 168
2327 168
2328 168
2329 120
2330 96
2331 114
2332 72
2333 150
2334 132
2335 150
2336 156
2337 162
2338 150
2339 84
2340 114
2341 204
2342 132
2343 162
2344 162
2345 138
2346 84
2347 186
2348 138
2349 108
2350 126
2351 138
2352 156
2353 168
2354 96
2355 150
2356 96
2357 57
2358 54
2359 48
2360 90
2361 162
2362 60
2363 138
2364 162
2365 165
2366 150
2367 72
2368 156
2369 192
2370 60
2371 120
2372 66
2373 72
2374 150
2375 150
2376 150
2377 120
2378 108
2379 156
2380 150
2381 72
2382 108
2383 132
2384 162
2385 96
2386 54
2387 138
2388 84
2389 84
2390 138
2391 168
2392 162
2393 120
2394 114
2395 96
2396 138
2397 156
2398 84
2399 162
2400 150
2401 138
2402 159
2403 156
2404 168
2405 156
2406 162
2407 42
2408 180
2409 138
2410 132
2411 180
2412 72
2413 168
2414 168
2415 156
2416 168
2417 150
2418 138
2419 138
2420 138
2421 156
2422 204
2423 162
2424 66
2425 150
2426 156
2427 84
2428 39
2429 84
2430 66
2431 24
2432 132
2433 156
2434 204
2435 138
2436 96
2437 132
2438 138
2439 174
2440 120
2441 96
2442 174
2443 138
2444 84
2445 78
2446 192
2447 156
2448 132
2449 162
2450 150
2451 168
2452 168
2453 114
2454 168
2455 162
2456 138
2457 120
2458 156
2459 174
2460 108
2461 168
2462 156
2463 108
2464 108
2465 168
2466 138
2467 168
2468 138
2469 162
2470 48
2471 48
2472 132
2473 126
2474 132
2475 168
2476 138
2477 108
2478 156
2479 108
2480 108
2481 168
2482 126
2483 150
2484 144
2485 156
2486 120
2487 132
2488 120
2489 60
2490 144
2491 72
2492 84
2493 168
2494 162
2495 132
2496 156
2497 84
2498 108
2499 120
2500 162
2501 48
2502 18
2503 138
2504 84
2505 138
2506 102
2507 150
2508 54
2509 159
2510 162
2511 162
2512 162
2513 132
2514 120
2515 168
2516 150
2517 102
2518 204
2519 162
2520 180
2521 120
2522 120
2523 72
2524 84
2525 108
2526 114
2527 150
2528 120
2529 120
2530 168
2531 54
2532 168
2533 168
2534 156
2535 150
2536 165
2537 156
2538 120
2539 162
2540 120
2541 156
2542 120
2543 204
2544 198
2545 72
2546 102
2547 180
2548 24
2549 60
2550 138
2551 150
2552 96
2553 150
2554 168
2555 150
2556 168
2557 156
2558 162
2559 153
2560 186
2561 204
2562 72
2563 120
2564 168
2565 180
2566 216
2567 156
2568 132
2569 132
2570 72
2571 42
2572 138
2573 60
2574 150
2575 168
2576 168
2577 180
2578 120
2579 150
2580 120
2581 135
2582 138
2583 168
2584 120
2585 72
2586 168
2587 106
2588 132
2589 132
2590 162
2591 186
2592 108
2593 120
2594 132
2595 150
2596 162
2597 150
2598 168
2599 162
2600 102
2601 126
2602 168
2603 150
2604 144
2605 72
2606 132
2607 108
2608 84
2609 108
2610 72
2611 159
2612 156
2613 156
2614 42
2615 162
2616 150
2617 120
2618 132
2619 192
2620 120
2621 180
2622 162
2623 153
2624 168
2625 72
2626 162
2627 150
2628 168
2629 204
2630 138
2631 204
2632 120
2633 132
2634 192
2635 204
2636 72
2637 150
2638 108
2639 150
2640 156
2641 138
2642 216
2643 138
2644 159
2645 150
2646 162
2647 108
2648 180
2649 84
2650 60
2651 132
2652 162
2653 168
2654 174
2655 138
2656 60
2657 120
2658 156
2659 150
2660 162
2661 150
2662 162
2663 156
2664 150
2665 144
2666 180
2667 204
2668 138
2669 162
2670 138
2671 120
2672 66
2673 66
2674 60
2675 150
2676 84
2677 24
2678 138
2679 108
2680 204
2681 138
2682 72
2683 138
2684 150
2685 72
2686 132
2687 48
2688 168
2689 156
2690 162
2691 150
2692 84
2693 120
2694 138
2695 96
2696 156
2697 144
2698 24
2699 156
2700 168
2701 16
2702 204
2703 132
2704 153
2705 156
2706 180
2707 138
2708 156
2709 42
2710 138
2711 150
2712 48
2713 168
2714 150
2715 108
2716 156
2717 150
2718 168
2719 138
2720 168
2721 204
2722 132
2723 150
2724 36
2725 156
2726 204
2727 84
2728 15
2729 138
2730 150
2731 168
2732 156
2733 168
2734 180
2735 96
2736 168
2737 108
2738 150
2739 204
2740 96
2741 120
2742 150
2743 162
2744 150
2745 150
2746 108
2747 150
2748 150
2749 168
2750 162
2751 162
2752 168
2753 138
2754 102
2755 108
2756 159
2757 138
2758 168
2759 150
2760 48
2761 126
2762 150
2763 138
2764 66
2765 132
2766 228
2767 186
2768 162
2769 165
2770 138
2771 198
2772 168
2773 132
2774 84
2775 54
2776 168
2777 186
2778 168
2779 156
2780 168
2781 144
2782 84
2783 153
2784 90
2785 120
2786 36
2787 168
2788 108
2789 138
2790 174
2791 147
2792 84
2793 156
2794 138
2795 54
2796 150
2797 84
2798 153
2799 96
2800 84
2801 174
2802 132
2803 48
2804 78
2805 54
2806 72
2807 168
2808 162
2809 114
2810 162
2811 156
2812 168
2813 96
2814 168
2815 90
2816 162
2817 72
2818 180
2819 138
2820 150
2821 96
2822 84
2823 108
2824 156
2825 156
2826 78
2827 48
2828 108
2829 120
2830 138
2831 126
2832 60
2833 150
2834 36
2835 174
2836 102
2837 120
2838 150
2839 138
2840 156
2841 156
2842 135
2843 102
2844 120
2845 72
2846 120
2847 168
2848 216
2849 48
2850 156
2851 114
2852 60
2853 168
2854 180
2855 72
2856 156
2857 138
2858 162
2859 162
2860 150
2861 138
2862 138
2863 186
2864 168
2865 132
2866 78
2867 168
2868 156
2869 150
2870 156
2871 72
2872 162
2873 60
2874 78
2875 138
2876 120
2877 168
2878 72
2879 108
2880 120
2881 42
2882 168
2883 102
2884 162
2885 138
2886 72
2887 45
2888 168
2889 156
2890 174
2891 108
2892 168
2893 32
2894 150
2895 108
2896 108
2897 132
2898 144
2899 138
2900 168
2901 150
2902 204
2903 132
2904 180
2905 138
2906 120
2907 96
2908 96
2909 48
2910 72
2911 228
2912 120
2913 132
2914 108
2915 156
2916 84
2917 39
2918 108
2919 162
2920 96
2921 156
2922 120
2923 84
2924 156
2925 156
2926 108
2927 156
2928 156
2929 126
2930 108
2931 168
2932 156
2933 156
2934 102
2935 168
2936 156
2937 132
2938 168
2939 204
2940 72
2941 96
2942 192
2943 162
2944 186
2945 192
2946 156
2947 168
2948 168
2949 120
2950 48
2951 168
2952 120
2953 132
2954 78
2955 204
2956 204
2957 96
2958 108
2959 168
2960 156
2961 204
2962 150
2963 84
2964 204
2965 90
2966 156
2967 168
2968 96
2969 168
2970 180
2971 114
2972 162
2973 174
2974 162
2975 144
2976 156
2977 132
2978 90
2979 150
2980 156
2981 156
2982 204
2983 120
2984 168
2985 168
2986 120
2987 60
2988 168
2989 150
2990 174
2991 72
2992 168
2993 168
2994 42
2995 162
2996 162
2997 150
2998 168
2999 42
3000 192
3001 168
3002 162
3003 138
3004 138
3005 168
3006 168
3007 132
3008 96
3009 150
3010 168
3011 24
3012 132
3013 162
3014 186
3015 168
3016 192
3017 186
3018 162
3019 168
3020 120
3021 72
3022 132
3023 156
3024 138
3025 60
3026 168
3027 132
3028 84
3029 138
3030 156
3031 204
3032 168
3033 156
3034 72
3035 150
3036 168
3037 156
3038 78
3039 156
3040 132
3041 120
3042 96
3043 180
3044 138
3045 168
3046 120
3047 168
3048 216
3049 120
3050 72
3051 120
3052 168
3053 72
3054 150
3055 180
3056 84
3057 156
3058 192
3059 28
3060 192
3061 96
3062 108
3063 96
3064 66
3065 168
3066 150
3067 60
3068 72
3069 216
3070 72
3071 108
3072 72
3073 153
3074 162
3075 168
3076 162
3077 180
3078 138
3079 192
3080 150
3081 186
3082 108
3083 168
3084 168
3085 186
3086 138
3087 156
3088 156
3089 162
3090 156
3091 18
3092 138
3093 84
3094 108
3095 150
3096 54
3097 60
3098 54
3099 132
3100 42
3101 168
3102 138
3103 132
3104 72
3105 132
3106 168
3107 168
3108 84
3109 162
3110 186
3111 84
3112 150
3113 96
3114 138
3115 108
3116 132
3117 84
3118 84
3119 78
3120 24
3121 108
3122 42
3123 150
3124 186
3125 156
3126 156
3127 138
3128 108
3129 54
3130 186
3131 150
3132 120
3133 162
3134 204
3135 54
3136 150
3137 192
3138 156
3139 159
3140 216
3141 120
3142 156
3143 120
3144 150
3145 168
3146 84
3147 72
3148 108
3149 126
3150 42
3151 90
3152 168
3153 108
3154 150
3155 156
3156 162
3157 156
3158 162
3159 168
3160 150
3161 96
3162 165
3163 159
3164 162
3165 126
3166 204
3167 162
3168 138
3169 162
3170 168
3171 114
3172 228
3173 150
3174 114
3175 108
3176 78
3177 90
3178 216
3179 168
3180 72
3181 96
3182 204
3183 204
3184 156
3185 180
3186 132
3187 96
3188 192
3189 84
3190 156
3191 159
3192 84
3193 108
3194 138
3195 150
3196 150
3197 114
3198 186
3199 102
3200 162
3201 150
3202 150
3203 60
3204 132
3205 72
3206 21
3207 180
3208 18
3209 156
3210 180
3211 72
3212 132
3213 186
3214 138
3215 204
3216 72
3217 150
3218 162
3219 180
3220 156
3221 132
3222 132
3223 48
3224 162
3225 135
3226 162
3227 168
3228 162
3229 156
3230 156
3231 132
3232 96
3233 156
3234 108
3235 108
3236 165
3237 72
3238 168
3239 168
3240 120
3241 156
3242 42
3243 192
3244 120
3245 126
3246 66
3247 96
3248 150
3249 78
3250 120
3251 150
3252 120
3253 162
3254 132
3255 72
3256 90
3257 156
3258 204
3259 156
3260 132
3261 42
3262 156
3263 168
3264 168
3265 162
3266 138
3267 120
3268 162
3269 156
3270 108
3271 135
3272 168
3273 132
3274 120
3275 168
3276 216
3277 204
3278 120
3279 168
3280 162
3281 144
3282 150
3283 162
3284 108
3285 132
3286 138
3287 108
3288 156
3289 168
3290 108
3291 156
3292 138
3293 72
3294 24
3295 126
3296 32
3297 96
3298 60
3299 114
3300 138
3301 78
3302 168
3303 120
3304 150
3305 168
3306 165
3307 150
3308 150
3309 96
3310 168
3311 36
3312 168
3313 168
3314 156
3315 108
3316 186
3317 204
3318 168
3319 150
3320 150
3321 90
3322 132
3323 180
3324 150
3325 204
3326 156
3327 114
3328 48
3329 132
3330 168
3331 120
3332 138
3333 156
3334 150
3335 156
3336 138
3337 180
3338 84
3339 72
3340 120
3341 84
3342 150
3343 114
3344 138
3345 150
3346 162
3347 192
3348 150
3349 108
3350 60
3351 138
3352 150
3353 168
3354 138
3355 72
3356 96
3357 120
3358 96
3359 168
3360 156
3361 60
3362 168
3363 162
3364 72
3365 78
3366 156
3367 120
3368 120
3369 138
3370 180
3371 168
3372 168
3373 120
3374 72
3375 120
3376 78
3377 168
3378 156
3379 120
3380 180
3381 108
3382 168
3383 180
3384 39
3385 24
3386 168
3387 96
3388 132
3389 120
3390 96
3391 132
3392 132
3393 150
3394 192
3395 180
3396 36
3397 156
3398 120
3399 84
3400 204
3401 168
3402 138
3403 168
3404 168
3405 162
3406 150
3407 66
3408 156
3409 132
3410 132
3411 132
3412 156
3413 162
3414 138
3415 168
3416 72
3417 138
3418 72
3419 162
3420 150
3421 138
3422 84
3423 54
3424 138
3425 168
3426 108
3427 120
3428 150
3429 132
3430 84
3431 72
3432 186
3433 216
3434 72
3435 132
3436 168
3437 153
3438 168
3439 168
3440 120
3441 156
3442 138
3443 156
3444 138
3445 168
3446 138
3447 153
3448 126
3449 162
3450 132
3451 60
3452 162
3453 156
3454 168
3455 126
3456 138
3457 138
3458 138
3459 159
3460 126
3461 150
3462 120
3463 138
3464 150
3465 108
3466 132
3467 114
3468 138
3469 156
3470 132
3471 186
3472 90
3473 156
3474 165
3475 48
3476 156
3477 108
3478 162
3479 180
3480 120
3481 162
3482 168
3483 132
3484 150
3485 192
3486 156
3487 150
3488 138
3489 60
3490 72
3491 156
3492 156
3493 186
3494 72
3495 54
3496 132
3497 156
3498 108
3499 186
3500 162
3501 162
3502 138
3503 156
3504 108
3505 63
3506 162
3507 156
3508 84
3509 150
3510 174
3511 150
3512 204
3513 54
3514 84
3515 162
3516 126
3517 120
3518 144
3519 72
3520 132
3521 138
3522 162
3523 186
3524 138
3525 132
3526 156
3527 138
3528 96
3529 150
3530 132
3531 168
3532 204
3533 156
3534 36
3535 192
3536 72
3537 132
3538 138
3539 54
3540 162
3541 150
3542 174
3543 159
3544 162
3545 132
3546 54
3547 132
3548 162
3549 153
3550 186
3551 168
3552 108
3553 96
3554 132
3555 168
3556 108
3557 132
3558 156
3559 162
3560 156
3561 204
3562 132
3563 168
3564 168
3565 156
3566 138
3567 156
3568 60
3569 156
3570 180
3571 168
3572 150
3573 180
3574 168
3575 156
3576 156
3577 108
3578 168
3579 138
3580 156
3581 156
3582 156
3583 96
3584 162
3585 60
3586 138
3587 102
3588 132
3589 156
3590 84
3591 168
3592 168
3593 180
3594 120
3595 156
3596 120
3597 192
3598 186
3599 156
3600 72
3601 42
3602 24
3603 90
3604 156
3605 96
3606 162
3607 150
3608 108
3609 102
3610 120
3611 150
3612 162
3613 150
3614 32
3615 84
3616 186
3617 168
3618 108
3619 108
3620 159
3621 156
3622 162
3623 156
3624 120
3625 42
3626 168
3627 126
3628 150
3629 114
3630 96
3631 156
3632 84
3633 138
3634 159
3635 168
3636 162
3637 162
3638 42
3639 132
3640 156
3641 156
3642 150
3643 156
3644 168
3645 138
3646 78
3647 78
3648 54
3649 126
3650 150
3651 150
3652 186
3653 204
3654 72
3655 138
3656 174
3657 120
3658 108
3659 120
3660 60
3661 72
3662 138
3663 168
3664 84
3665 138
3666 84
3667 126
3668 120
3669 186
3670 108
3671 150
3672 120
3673 162
3674 156
3675 150
3676 156
3677 138
3678 204
3679 150
3680 138
3681 156
3682 168
3683 108
3684 168
3685 180
3686 60
3687 144
3688 72
3689 108
3690 132
3691 162
3692 180
3693 114
3694 138
3695 72
3696 156
3697 84
3698 168
3699 156
3700 162
3701 96
3702 138
3703 162
3704 162
3705 120
3706 174
3707 120
3708 96
3709 108
3710 162
3711 72
3712 150
3713 84
3714 165
3715 186
3716 84
3717 96
3718 144
3719 180
3720 72
3721 156
3722 57
3723 84
3724 168
3725 156
3726 150
3727 108
3728 168
3729 60
3730 132
3731 150
3732 132
3733 78
3734 108
3735 156
3736 168
3737 150
3738 24
3739 216
3740 156
3741 54
3742 150
3743 108
3744 168
3745 150
3746 51
3747 156
3748 156
3749 84
3750 96
3751 162
3752 162
3753 168
3754 168
3755 84
3756 168
3757 150
3758 162
3759 138
3760 108
3761 96
3762 150
3763 162
3764 180
3765 168
3766 96
3767 96
3768 66
3769 162
3770 96
3771 162
3772 174
3773 150
3774 156
3775 132
3776 138
3777 72
3778 120
3779 150
3780 39
3781 168
3782 168
3783 132
3784 168
3785 192
3786 84
3787 156
3788 150
3789 54
3790 72
3791 150
3792 108
3793 150
3794 168
3795 168
3796 168
3797 156
3798 180
3799 108
3800 72
3801 168
3802 162
3803 132
3804 168
3805 150
3806 150
3807 120
3808 108
3809 168
3810 162
3811 48
3812 150
3813 132
3814 138
3815 228
3816 156
3817 138
3818 150
3819 156
3820 156
3821 120
3822 54
3823 132
3824 66
3825 96
3826 156
3827 216
3828 96
3829 150
3830 204
3831 132
3832 156
3833 84
3834 168
3835 156
3836 84
3837 84
3838 150
3839 156
3840 156
3841 66
3842 108
3843 96
3844 162
3845 162
3846 138
3847 204
3848 204
3849 120
3850 162
3851 150
3852 192
3853 168
3854 108
3855 174
3856 96
3857 186
3858 96
3859 150
3860 32
3861 72
3862 168
3863 60
3864 150
3865 120
3866 60
3867 150
3868 96
3869 162
3870 174
3871 120
3872 180
3873 108
3874 162
3875 72
3876 120
3877 159
3878 138
3879 192
3880 162
3881 126
3882 165
3883 108
3884 138
3885 162
3886 138
3887 192
3888 150
3889 54
3890 132
3891 60
3892 162
3893 108
3894 150
3895 156
3896 156
3897 102
3898 162
3899 78
3900 120
3901 204
3902 72
3903 156
3904 84
3905 120
3906 153
3907 24
3908 150
3909 138
3910 138
3911 132
3912 156
3913 72
3914 108
3915 150
3916 150
3917 162
3918 150
3919 138
3920 120
3921 198
3922 168
3923 108
3924 120
3925 150
3926 150
3927 90
3928 72
3929 138
3930 132
3931 168
3932 120
3933 183
3934 162
3935 120
3936 54
3937 42
3938 138
3939 156
3940 156
3941 168
3942 114
3943 132
3944 96
3945 120
3946 138
3947 150
3948 156
3949 72
3950 186
3951 156
3952 72
3953 108
3954 168
3955 153
3956 168
3957 216
3958 150
3959 45
3960 84
3961 138
3962 72
3963 36
3964 84
3965 120
3966 162
3967 96
3968 162
3969 72
3970 96
3971 138
3972 108
3973 138
3974 132
3975 138
3976 162
3977 150
3978 189
3979 156
3980 24
3981 216
3982 162
3983 54
3984 150
3985 150
3986 108
3987 168
3988 132
3989 180
3990 168
3991 138
3992 150
3993 72
3994 78
3995 156
3996 162
3997 192
3998 144
3999 162
4000 144
4001 108
4002 150
4003 132
4004 96
4005 162
4006 90
4007 180
4008 174
4009 168
4010 144
4011 162
4012 156
4013 228
4014 168
4015 132
4016 186
4017 144
4018 114
4019 108
4020 150
4021 156
4022 114
4023 204
4024 120
4025 96
4026 168
4027 120
4028 156
4029 36
4030 102
4031 186
4032 84
4033 138
4034 138
4035 132
4036 162
4037 162
4038 138
4039 168
4040 120
4041 54
4042 72
4043 156
4044 132
4045 108
4046 162
4047 132
4048 60
4049 168
4050 162
4051 120
4052 150
4053 216
4054 39
4055 132
4056 84
4057 96
4058 204
4059 72
4060 96
4061 84
4062 156
4063 114
4064 156
4065 138
4066 132
4067 168
4068 57
4069 156
4070 150
4071 168
4072 138
4073 162
4074 144
4075 84
4076 132
4077 168
4078 150
4079 72
4080 204
4081 108
4082 150
4083 132
4084 138
4085 204
4086 168
4087 180
4088 162
4089 102
4090 162
4091 168
4092 168
4093 186
4094 120
4095 180
4096 120
4097 144
4098 40
4099 168
4100 120
4101 168
4102 150
4103 180
4104 72
4105 168
4106 138
4107 186
4108 120
4109 156
4110 156
4111 24
4112 60
4113 162
4114 42
4115 162
4116 168
4117 162
4118 186
4119 204
4120 60
4121 120
4122 132
4123 168
4124 162
4125 168
4126 153
4127 156
4128 168
4129 96
4130 150
4131 156
4132 150
4133 108
4134 96
4135 132
4136 108
4137 156
4138 156
4139 138
4140 150
4141 120
4142 162
4143 72
4144 156
4145 168
4146 156
4147 150
4148 192
4149 96
4150 168
4151 168
4152 135
4153 180
4154 168
4155 168
4156 168
4157 120
4158 78
4159 138
4160 108
4161 168
4162 162
4163 180
4164 204
4165 138
4166 150
4167 156
4168 96
4169 168
4170 156
4171 132
4172 168
4173 162
4174 132
4175 138
4176 150
4177 150
4178 84
4179 141
4180 156
4181 48
4182 228
4183 156
4184 204
4185 156
4186 78
4187 192
4188 60
4189 54
4190 156
4191 108
4192 72
4193 72
4194 138
4195 138
4196 102
4197 168
4198 168
4199 168
4200 84
4201 60
4202 204
4203 42
4204 168
4205 168
4206 162
4207 168
4208 150
4209 204
4210 168
4211 120
4212 156
4213 42
4214 138
4215 108
4216 216
4217 72
4218 162
4219 96
4220 150
4221 138
4222 135
4223 162
4224 156
4225 84
4226 150
4227 138
4228 84
4229 132
4230 138
4231 204
4232 162
4233 132
4234 186
4235 108
4236 168
4237 144
4238 156
4239 84
4240 84
4241 162
4242 102
4243 168
4244 150
4245 108
4246 10
4247 150
4248 216
4249 120
4250 168
4251 108
4252 132
4253 150
4254 60
4255 132
4256 132
4257 66
4258 138
4259 120
4260 162
4261 198
4262 150
4263 150
4264 204
4265 168
4266 204
4267 168
4268 138
4269 156
4270 72
4271 204
4272 168
4273 84
4274 150
4275 180
4276 162
4277 96
4278 108
4279 120
4280 120
4281 162
4282 132
4283 150
4284 138
4285 72
4286 204
4287 180
4288 120
4289 156
4290 54
4291 150
4292 132
4293 204
4294 84
4295 168
4296 60
4297 120
4298 84
4299 108
4300 168
4301 72
4302 162
4303 156
4304 84
4305 150
4306 150
4307 168
4308 120
4309 120
4310 162
4311 96
4312 150
4313 84
4314 156
4315 156
4316 162
4317 144
4318 114
4319 204
4320 138
4321 156
4322 54
4323 168
4324 84
4325 132
4326 159
4327 72
4328 120
4329 132
4330 150
4331 174
4332 126
4333 108
4334 126
4335 84
4336 162
4337 60
4338 162
4339 32
4340 168
4341 102
4342 96
4343 162
4344 162
4345 108
4346 84
4347 168
4348 162
4349 168
4350 156
4351 84
4352 168
4353 150
4354 96
4355 60
4356 108
4357 150
4358 186
4359 108
4360 120
4361 126
4362 84
4363 168
4364 126
4365 72
4366 168
4367 72
4368 168
4369 150
4370 114
4371 138
4372 162
4373 138
4374 60
4375 96
4376 132
4377 156
4378 168
4379 72
4380 42
4381 162
4382 108
4383 206
4384 150
4385 150
4386 132
4387 162
4388 48
4389 72
4390 108
4391 156
4392 114
4393 54
4394 156
4395 150
4396 132
4397 120
4398 120
4399 162
4400 198
4401 90
4402 162
4403 156
4404 168
4405 186
4406 60
4407 174
4408 186
4409 150
4410 156
4411 90
4412 45
4413 150
4414 84
4415 120
4416 156
4417 228
4418 144
4419 138
4420 60
4421 150
4422 156
4423 156
4424 150
4425 156
4426 156
4427 162
4428 180
4429 138
4430 54
4431 138
4432 204
4433 150
4434 156
4435 138
4436 156
4437 84
4438 84
4439 162
4440 84
4441 120
4442 72
4443 168
4444 150
4445 78
4446 168
4447 156
4448 162
4449 162
4450 165
4451 150
4452 132
4453 150
4454 132
4455 180
4456 48
4457 168
4458 84
4459 36
4460 72
4461 156
4462 84
4463 162
4464 156
4465 72
4466 120
4467 168
4468 138
4469 96
4470 156
4471 204
4472 174
4473 180
4474 204
4475 72
4476 96
4477 198
4478 60
4479 156
4480 168
4481 162
4482 138
4483 168
4484 156
4485 156
4486 96
4487 138
4488 120
4489 114
4490 108
4491 156
4492 153
4493 162
4494 138
4495 168
4496 138
4497 216
4498 150
4499 168
4500 96
4501 150
4502 84
4503 168
4504 84
4505 132
4506 168
4507 120
4508 138
4509 168
4510 162
4511 186
4512 162
4513 106
4514 162
4515 102
4516 120
4517 156
4518 156
4519 162
4520 180
4521 162
4522 150
4523 150
4524 150
4525 162
4526 150
4527 168
4528 132
4529 114
4530 150
4531 204
4532 138
4533 156
4534 132
4535 108
4536 156
4537 150
4538 132
4539 138
4540 156
4541 96
4542 84
4543 162
4544 186
4545 192
4546 174
4547 156
4548 84
4549 138
4550 48
4551 162
4552 120
4553 180
4554 132
4555 102
4556 138
4557 78
4558 156
4559 156
4560 138
4561 102
4562 48
4563 120
4564 138
4565 168
4566 120
4567 150
4568 165
4569 135
4570 168
4571 216
4572 192
4573 150
4574 216
4575 156
4576 138
4577 150
4578 162
4579 150
4580 162
4581 168
4582 114
4583 210
4584 120
4585 120
4586 120
4587 96
4588 96
4589 150
4590 108
4591 120
4592 120
4593 96
4594 168
4595 174
4596 96
4597 84
4598 138
4599 108
4600 150
4601 168
4602 156
4603 168
4604 156
4605 153
4606 96
4607 84
4608 153
4609 168
4610 162
4611 132
4612 150
4613 156
4614 156
4615 156
4616 108
4617 72
4618 168
4619 108
4620 156
4621 162
4622 150
4623 180
4624 150
4625 108
4626 216
4627 192
4628 120
4629 144
4630 132
4631 168
4632 138
4633 96
4634 150
4635 36
4636 180
4637 168
4638 168
4639 228
4640 120
4641 84
4642 60
4643 186
4644 138
4645 150
4646 150
4647 138
4648 168
4649 165
4650 138
4651 108
4652 144
4653 156
4654 120
4655 210
4656 132
4657 135
4658 168
4659 168
4660 132
4661 162
4662 150
4663 120
4664 96
4665 84
4666 54
4667 54
4668 180
4669 180
4670 132
4671 168
4672 168
4673 132
4674 138
4675 54
4676 96
4677 186
4678 96
4679 162
4680 144
4681 78
4682 156
4683 96
4684 108
4685 15
4686 150
4687 132
4688 132
4689 120
4690 162
4691 108
4692 168
4693 204
4694 168
4695 156
4696 156
4697 168
4698 180
4699 150
4700 168
4701 72
4702 150
4703 180
4704 126
4705 72
4706 108
4707 162
4708 60
4709 168
4710 162
4711 204
4712 84
4713 150
4714 168
4715 108
4716 150
4717 168
4718 156
4719 189
4720 162
4721 150
4722 132
4723 132
4724 84
4725 84
4726 156
4727 150
4728 108
4729 120
4730 156
4731 204
4732 156
4733 138
4734 120
4735 150
4736 48
4737 138
4738 216
4739 96
4740 162
4741 150
4742 168
4743 168
4744 114
4745 168
4746 156
4747 156
4748 168
4749 162
4750 168
4751 156
4752 126
4753 168
4754 120
4755 132
4756 228
4757 138
4758 120
4759 138
4760 162
4761 60
4762 156
4763 57
4764 162
4765 174
4766 156
4767 102
4768 24
4769 120
4770 138
4771 168
4772 198
4773 78
4774 162
4775 150
4776 168
4777 72
4778 72
4779 120
4780 96
4781 150
4782 168
4783 132
4784 162
4785 135
4786 156
4787 108
4788 114
4789 138
4790 138
4791 168
4792 82
4793 132
4794 36
4795 156
4796 96
4797 150
4798 120
4799 144
4800 66
4801 138
4802 120
4803 120
4804 150
4805 162
4806 168
4807 132
4808 57
4809 132
4810 162
4811 165
4812 37
4813 150
4814 150
4815 138
4816 180
4817 150
4818 132
4819 150
4820 162
4821 132
4822 138
4823 108
4824 162
4825 156
4826 135
4827 54
4828 72
4829 96
4830 168
4831 216
4832 132
4833 150
4834 150
4835 165
4836 32
4837 159
4838 126
4839 192
4840 150
4841 96
4842 60
4843 228
4844 84
4845 192
4846 156
4847 72
4848 60
4849 66
4850 192
4851 120
4852 156
4853 168
4854 156
4855 138
4856 180
4857 72
4858 162
4859 156
4860 150
4861 156
4862 120
4863 156
4864 108
4865 72
4866 156
4867 144
4868 162
4869 168
4870 72
4871 66
4872 156
4873 156
4874 204
4875 150
4876 156
4877 138
4878 156
4879 150
4880 180
4881 96
4882 168
4883 156
4884 162
4885 153
4886 120
4887 108
4888 32
4889 72
4890 132
4891 162
4892 150
4893 156
4894 138
4895 168
4896 108
4897 156
4898 60
4899 162
4900 150
4901 150
4902 108
4903 150
4904 150
4905 150
4906 138
4907 126
4908 156
4909 165
4910 120
4911 150
4912 162
4913 66
4914 108
4915 32
4916 186
4917 108
4918 156
4919 51
4920 162
4921 60
4922 180
4923 150
4924 165
4925 108
4926 150
4927 150
4928 150
4929 204
4930 150
4931 138
4932 192
4933 168
4934 168
4935 138
4936 96
4937 156
4938 168
4939 108
4940 168
4941 192
4942 126
4943 150
4944 216
4945 138
4946 228
4947 120
4948 84
4949 42
4950 150
4951 138
4952 180
4953 84
4954 138
4955 150
4956 150
4957 120
4958 84
4959 162
4960 138
4961 120
4962 120
4963 84
4964 90
4965 132
4966 162
4967 138
4968 162
4969 156
4970 168
4971 132
4972 162
4973 150
4974 108
4975 180
4976 162
4977 132
4978 108
4979 168
4980 132
4981 84
4982 96
4983 156
4984 156
4985 156
4986 186
4987 156
4988 204
4989 168
4990 60
4991 156
4992 150
4993 90
4994 84
4995 54
4996 135
4997 150
4998 138
4999 132
5000 108
5001 96
5002 42
5003 162
5004 168
5005 108
5006 162
5007 138
5008 156
5009 132
5010 132
5011 120
5012 150
5013 120
5014 186
5015 162
5016 78
5017 162
5018 162
5019 132
5020 96
5021 108
5022 162
5023 168
5024 138
5025 156
5026 132
5027 168
5028 162
5029 150
5030 96
5031 162
5032 168
5033 168
5034 138
5035 150
5036 150
5037 174
5038 168
5039 150
5040 120
5041 156
5042 78
5043 168
5044 138
5045 32
5046 42
5047 162
5048 156
5049 168
5050 150
5051 150
5052 168
5053 108
5054 72
5055 108
5056 132
5057 150
5058 138
5059 78
5060 156
5061 72
5062 84
5063 168
5064 90
5065 120
5066 150
5067 204
5068 150
5069 138
5070 168
5071 150
5072 180
5073 96
5074 168
5075 168
5076 60
5077 126
5078 138
5079 60
5080 132
5081 162
5082 204
5083 150
5084 162
5085 162
5086 180
5087 156
5088 132
5089 168
5090 156
5091 168
5092 72
5093 84
5094 72
5095 180
5096 168
5097 132
5098 168
5099 168
5100 48
5101 156
5102 204
5103 150
5104 54
5105 60
5106 168
5107 162
5108 150
5109 138
5110 138
5111 138
5112 30
5113 156
5114 174
5115 54
5116 168
5117 24
5118 180
5119 159
5120 204
5121 32
5122 78
5123 96
5124 162
5125 138
5126 60
5127 60
5128 126
5129 168
5130 72
5131 162
5132 168
5133 180
5134 216
5135 138
5136 186
5137 132
5138 120
5139 174
5140 57
5141 132
5142 84
5143 198
5144 132
5145 150
5146 150
5147 120
5148 168
5149 120
5150 168
5151 108
5152 198
5153 168
5154 60
5155 138
5156 156
5157 156
5158 126
5159 168
5160 138
5161 168
5162 126
5163 162
5164 150
5165 138
5166 126
5167 168
5168 156
5169 132
5170 174
5171 108
5172 132
5173 18
5174 78
5175 180
5176 150
5177 150
5178 84
5179 174
5180 162
5181 138
5182 156
5183 156
5184 186
5185 114
5186 138
5187 138
5188 156
5189 144
5190 120
5191 168
5192 168
5193 156
5194 156
5195 96
5196 156
5197 96
5198 162
5199 150
5200 120
5201 120
5202 204
5203 156
5204 168
5205 162
5206 72
5207 162
5208 120
5209 120
5210 162
5211 204
5212 168
5213 180
5214 162
5215 96
5216 180
5217 156
5218 84
5219 150
5220 132
5221 150
5222 156
5223 168
5224 153
5225 108
5226 180
5227 36
5228 96
5229 96
5230 153
5231 48
5232 138
5233 165
5234 150
5235 138
5236 108
5237 168
5238 204
5239 48
5240 168
5241 138
5242 60
5243 156
5244 162
5245 168
5246 114
5247 108
5248 168
5249 96
5250 108
5251 186
5252 120
5253 162
5254 48
5255 150
5256 162
5257 216
5258 72
5259 24
5260 150
5261 150
5262 126
5263 138
5264 138
5265 150
5266 84
5267 138
5268 168
5269 114
5270 138
5271 150
5272 180
5273 108
5274 162
5275 168
5276 162
5277 168
5278 132
5279 162
5280 36
5281 108
5282 60
5283 156
5284 138
5285 168
5286 150
5287 132
5288 84
5289 150
5290 156
5291 60
5292 102
5293 138
5294 132
5295 42
5296 159
5297 72
5298 60
5299 12
5300 174
5301 156
5302 153
5303 180
5304 204
5305 54
5306 72
5307 108
5308 150
5309 168
5310 72
5311 96
5312 132
5313 216
5314 132
5315 162
5316 138
5317 120
5318 162
5319 132
5320 162
5321 168
5322 156
5323 72
5324 168
5325 138
5326 168
5327 132
5328 150
5329 186
5330 90
5331 150
5332 48
5333 186
5334 150
5335 150
5336 138
5337 126
5338 168
5339 120
5340 168
5341 108
5342 162
5343 168
5344 168
5345 150
5346 156
5347 156
5348 48
5349 138
5350 96
5351 150
5352 168
5353 156
5354 138
5355 156
5356 120
5357 156
5358 120
5359 138
5360 156
5361 138
5362 156
5363 174
5364 120
5365 156
5366 162
5367 120
5368 168
5369 180
5370 150
5371 186
5372 156
5373 161
5374 168
5375 156
5376 108
5377 156
5378 216
5379 180
5380 144
5381 96
5382 60
5383 120
5384 96
5385 162
5386 204
5387 180
5388 24
5389 96
5390 168
5391 156
5392 216
5393 168
5394 204
5395 54
5396 186
5397 150
5398 162
5399 60
5400 132
5401 162
5402 69
5403 150
5404 156
5405 90
5406 174
5407 150
5408 138
5409 66
5410 204
5411 60
5412 204
5413 144
5414 60
5415 168
5416 156
5417 168
5418 72
5419 168
5420 138
5421 168
5422 138
5423 162
5424 84
5425 156
5426 120
5427 150
5428 90
5429 186
5430 156
5431 108
5432 186
5433 192
5434 162
5435 156
5436 168
5437 156
5438 156
5439 72
5440 108
5441 150
5442 168
5443 174
5444 156
5445 138
5446 168
5447 168
5448 108
5449 156
5450 180
5451 156
5452 210
5453 204
5454 174
5455 168
5456 156
5457 156
5458 150
5459 108
5460 72
5461 84
5462 54
5463 42
5464 150
5465 150
5466 174
5467 102
5468 72
5469 138
5470 138
5471 84
5472 150
5473 168
5474 156
5475 204
5476 84
5477 216
5478 96
5479 24
5480 108
5481 162
5482 138
5483 156
5484 168
5485 96
5486 132
5487 150
5488 72
5489 60
5490 84
5491 120
5492 138
5493 204
5494 156
5495 108
5496 54
5497 84
5498 153
5499 108
5500 180
5501 36
5502 108
5503 54
5504 150
5505 162
5506 96
5507 120
5508 138
5509 138
5510 156
5511 174
5512 96
5513 138
5514 162
5515 150
5516 204
5517 108
5518 156
5519 162
5520 150
5521 132
5522 168
5523 192
5524 150
5525 138
5526 156
5527 168
5528 150
5529 132
5530 150
5531 189
5532 150
5533 60
5534 96
5535 168
5536 57
5537 94
5538 120
5539 168
5540 150
5541 132
5542 138
5543 156
5544 162
5545 108
5546 150
5547 162
5548 48
5549 162
5550 94
5551 180
5552 36
5553 138
5554 168
5555 162
5556 120
5557 162
5558 132
5559 120
5560 162
5561 72
5562 108
5563 168
5564 156
5565 72
5566 48
5567 150
5568 180
5569 162
5570 162
5571 162
5572 84
5573 186
5574 96
5575 120
5576 168
5577 78
5578 162
5579 156
5580 120
5581 138
5582 168
5583 108
5584 198
5585 138
5586 84
5587 84
5588 132
5589 138
5590 162
5591 162
5592 168
5593 168
5594 150
5595 180
5596 138
5597 150
5598 132
5599 40
5600 114
5601 72
5602 228
5603 156
5604 138
5605 108
5606 156
5607 186
5608 180
5609 150
5610 60
5611 156
5612 168
5613 132
5614 156
5615 72
5616 138
5617 72
5618 156
5619 132
5620 78
5621 120
5622 192
5623 108
5624 168
5625 126
5626 156
5627 138
5628 96
5629 54
5630 156
5631 132
5632 168
5633 72
5634 180
5635 150
5636 90
5637 84
5638 156
5639 120
5640 156
5641 204
5642 228
5643 156
5644 102
5645 159
5646 156
5647 96
5648 156
5649 192
5650 156
5651 150
5652 180
5653 150
5654 162
5655 108
5656 120
5657 162
5658 156
5659 60
5660 168
5661 162
5662 42
5663 132
5664 108
5665 156
5666 186
5667 162
5668 162
5669 96
5670 120
5671 156
5672 162
5673 108
5674 54
5675 150
5676 96
5677 156
5678 162
5679 138
5680 168
5681 138
5682 138
5683 108
5684 168
5685 162
5686 138
5687 138
5688 150
5689 162
5690 162
5691 156
5692 60
5693 156
5694 96
5695 138
5696 138
5697 168
5698 162
5699 138
5700 138
5701 72
5702 54
5703 21
5704 138
5705 150
5706 186
5707 150
5708 168
5709 150
5710 84
5711 108
5712 168
5713 186
5714 150
5715 138
5716 108
5717 168
5718 138
5719 156
5720 96
5721 168
5722 156
5723 156
5724 144
5725 192
5726 156
5727 168
5728 120
5729 96
5730 186
5731 156
5732 150
5733 60
5734 150
5735 168
5736 84
5737 150
5738 168
5739 168
5740 162
5741 162
5742 72
5743 168
5744 162
5745 216
5746 153
5747 168
5748 168
5749 138
5750 132
5751 132
5752 120
5753 60
5754 168
5755 120
5756 156
5757 138
5758 168
5759 96
5760 156
5761 156
5762 150
5763 150
5764 72
5765 168
5766 150
5767 165
5768 138
5769 72
5770 186
5771 60
5772 120
5773 120
5774 32
5775 66
5776 60
5777 186
5778 204
5779 168
5780 120
5781 84
5782 138
5783 108
5784 138
5785 132
5786 132
5787 132
5788 96
5789 150
5790 150
5791 108
5792 108
5793 72
5794 150
5795 162
5796 108
5797 162
5798 84
5799 168
5800 174
5801 162
5802 168
5803 168
5804 102
5805 162
5806 84
5807 54
5808 168
5809 84
5810 72
5811 132
5812 168
5813 168
5814 72
5815 150
5816 108
5817 150
5818 168
5819 156
5820 156
5821 150
5822 96
5823 156
5824 102
5825 15
5826 204
5827 168
5828 72
5829 82
5830 162
5831 156
5832 120
5833 156
5834 132
5835 138
5836 168
5837 162
5838 168
5839 192
5840 42
5841 216
5842 132
5843 162
5844 204
5845 162
5846 78
5847 108
5848 54
5849 84
5850 150
5851 60
5852 96
5853 162
5854 168
5855 108
5856 150
5857 78
5858 132
5859 156
5860 168
5861 204
5862 138
5863 96
5864 132
5865 150
5866 138
5867 120
5868 84
5869 120
5870 36
5871 132
5872 162
5873 138
5874 108
5875 78
5876 162
5877 138
5878 108
5879 84
5880 120
5881 108
5882 108
5883 150
5884 132
5885 180
5886 108
5887 180
5888 156
5889 156
5890 72
5891 96
5892 96
5893 150
5894 156
5895 72
5896 162
5897 32
5898 135
5899 156
5900 132
5901 156
5902 60
5903 96
5904 132
5905 96
5906 78
5907 108
5908 168
5909 96
5910 84
5911 78
5912 96
5913 150
5914 180
5915 210
5916 150
5917 60
5918 162
5919 72
5920 150
5921 186
5922 138
5923 132
5924 96
5925 108
5926 150
5927 153
5928 174
5929 32
5930 138
5931 204
5932 138
5933 150
5934 156
5935 150
5936 162
5937 54
5938 186
5939 150
5940 120
5941 150
5942 156
5943 168
5944 138
5945 132
5946 168
5947 186
5948 120
5949 36
5950 162
5951 162
5952 120
5953 156
5954 144
5955 120
5956 150
5957 108
5958 156
5959 108
5960 162
5961 180
5962 162
5963 150
5964 132
5965 150
5966 66
5967 108
5968 165
5969 150
5970 108
5971 150
5972 138
5973 180
5974 168
5975 84
5976 102
5977 168
5978 156
5979 156
5980 132
5981 96
5982 162
5983 132
5984 162
5985 156
5986 120
5987 72
5988 156
5989 162
5990 132
5991 132
5992 96
5993 72
5994 180
5995 66
5996 156
5997 138
5998 156
5999 156
6000 120
6001 150
6002 204
6003 60
6004 120
6005 180
6006 165
6007 168
6008 72
6009 168
6010 192
6011 96
6012 156
6013 120
6014 168
6015 150
6016 108
6017 84
6018 138
6019 156
6020 120
6021 228
6022 156
6023 168
6024 156
6025 156
6026 159
6027 60
6028 138
6029 216
6030 168
6031 132
6032 132
6033 168
6034 138
6035 162
6036 102
6037 57
6038 156
6039 96
6040 168
6041 150
6042 138
6043 72
6044 168
6045 204
6046 120
6047 150
6048 162
6049 138
6050 168
6051 168
6052 150
6053 72
6054 150
6055 96
6056 120
6057 168
6058 156
6059 162
6060 84
6061 120
6062 150
6063 180
6064 108
6065 198
6066 150
6067 162
6068 168
6069 168
6070 150
6071 60
6072 120
6073 162
6074 156
6075 144
6076 156
6077 150
6078 72
6079 120
6080 60
6081 156
6082 198
6083 150
6084 108
6085 204
6086 120
6087 138
6088 180
6089 120
6090 156
6091 150
6092 132
6093 108
6094 72
6095 138
6096 132
6097 138
6098 168
6099 168
6100 180
6101 204
6102 150
6103 96
6104 180
6105 156
6106 204
6107 120
6108 192
6109 156
6110 156
6111 165
6112 156
6113 216
6114 39
6115 180
6116 96
6117 156
6118 162
6119 144
6120 108
6121 168
6122 156
6123 138
6124 132
6125 150
6126 156
6127 156
6128 138
6129 189
6130 132
6131 60
6132 150
6133 72
6134 138
6135 162
6136 156
6137 156
6138 126
6139 168
6140 186
6141 216
6142 120
6143 150
6144 90
6145 162
6146 24
6147 174
6148 120
6149 96
6150 156
6151 72
6152 132
6153 162
6154 138
6155 150
6156 150
6157 96
6158 138
6159 51
6160 96
6161 96
6162 132
6163 180
6164 114
6165 156
6166 132
6167 150
6168 150
6169 108
6170 168
6171 180
6172 60
6173 150
6174 96
6175 138
6176 66
6177 150
6178 96
6179 162
6180 156
6181 180
6182 120
6183 102
6184 84
6185 138
6186 132
6187 84
6188 108
6189 165
6190 162
6191 96
6192 150
6193 168
6194 120
6195 132
6196 120
6197 162
6198 108
6199 72
6200 162
6201 144
6202 204
6203 108
6204 156
6205 120
6206 132
6207 72
6208 150
6209 162
6210 42
6211 162
6212 168
6213 168
6214 54
6215 162
6216 150
6217 108
6218 180
6219 150
6220 108
6221 180
6222 84
6223 156
6224 150
6225 102
6226 156
6227 42
6228 84
6229 28
6230 168
6231 150
6232 96
6233 162
6234 168
6235 48
6236 90
6237 18
6238 60
6239 156
6240 156
6241 144
6242 84
6243 138
6244 168
6245 60
6246 156
6247 108
6248 162
6249 84
6250 180
6251 204
6252 168
6253 150
6254 90
6255 162
6256 36
6257 60
6258 216
6259 96
6260 138
6261 150
6262 24
6263 108
6264 138
6265 84
6266 72
6267 204
6268 156
6269 138
6270 180
6271 168
6272 132
6273 60
6274 162
6275 150
6276 180
6277 120
6278 156
6279 120
6280 84
6281 42
6282 162
6283 150
6284 168
6285 138
6286 138
6287 150
6288 162
6289 162
6290 168
6291 90
6292 84
6293 120
6294 96
6295 186
6296 150
6297 96
6298 156
6299 108
6300 228
6301 78
6302 156
6303 120
6304 96
6305 165
6306 156
6307 156
6308 156
6309 138
6310 114
6311 138
6312 108
6313 84
6314 108
6315 168
6316 168
6317 120
6318 162
6319 135
6320 138
6321 168
6322 72
6323 150
6324 138
6325 162
6326 180
6327 156
6328 158
6329 138
6330 108
6331 132
6332 84
6333 180
6334 156
6335 12
6336 24
6337 138
6338 120
6339 126
6340 156
6341 60
6342 138
6343 132
6344 96
6345 126
6346 120
6347 150
6348 132
6349 108
6350 156
6351 162
6352 156
6353 150
6354 168
6355 138
6356 168
6357 108
6358 150
6359 156
6360 78
6361 108
6362 108
6363 96
6364 138
6365 132
6366 162
6367 168
6368 132
6369 150
6370 54
6371 120
6372 138
6373 90
6374 78
6375 156
6376 138
6377 168
6378 54
6379 84
6380 96
6381 126
6382 150
6383 114
6384 132
6385 132
6386 108
6387 120
6388 168
6389 132
6390 156
6391 159
6392 156
6393 156
6394 120
6395 36
6396 120
6397 135
6398 72
6399 186
6400 150
6401 156
6402 168
6403 48
6404 108
6405 120
6406 162
6407 150
6408 150
6409 192
6410 204
6411 84
6412 156
6413 159
6414 150
6415 108
6416 96
6417 150
6418 54
6419 132
6420 168
6421 72
6422 72
6423 165
6424 132
6425 36
6426 96
6427 150
6428 150
6429 138
6430 162
6431 174
6432 180
6433 168
6434 96
6435 204
6436 66
6437 96
6438 162
6439 156
6440 180
6441 108
6442 150
6443 216
6444 168
6445 168
6446 162
6447 180
6448 60
6449 84
6450 132
6451 168
6452 156
6453 186
6454 96
6455 78
6456 132
6457 96
6458 132
6459 138
6460 150
6461 21
6462 156
6463 156
6464 132
6465 54
6466 120
6467 72
6468 162
6469 168
6470 168
6471 168
6472 156
6473 168
6474 180
6475 150
6476 144
6477 156
6478 150
6479 156
6480 162
6481 138
6482 132
6483 102
6484 180
6485 132
6486 150
6487 162
6488 186
6489 186
6490 120
6491 159
6492 216
6493 192
6494 150
6495 150
6496 150
6497 120
6498 150
6499 96
6500 150
6501 162
6502 186
6503 138
6504 138
6505 120
6506 84
6507 54
6508 168
6509 156
6510 84
6511 138
6512 192
6513 156
6514 156
6515 108
6516 150
6517 216
6518 156
6519 138
6520 156
6521 156
6522 156
6523 54
6524 156
6525 180
6526 186
6527 132
6528 150
6529 150
6530 138
6531 204
6532 168
6533 72
6534 84
6535 156
6536 138
6537 108
6538 150
6539 162
6540 132
6541 159
6542 186
6543 120
6544 180
6545 150
6546 168
6547 150
6548 162
6549 114
6550 204
6551 48
6552 120
6553 132
6554 90
6555 108
6556 150
6557 150
6558 162
6559 204
6560 156
6561 108
6562 168
6563 156
6564 42
6565 138
6566 60
6567 156
6568 90
6569 150
6570 96
6571 204
6572 192
6573 108
6574 21
6575 108
6576 150
6577 138
6578 168
6579 168
6580 150
6581 162
6582 66
6583 60
6584 132
6585 150
6586 168
6587 156
6588 84
6589 84
6590 180
6591 96
6592 36
6593 132
6594 132
6595 66
6596 120
6597 72
6598 168
6599 150
6600 54
6601 156
6602 132
6603 156
6604 138
6605 132
6606 72
6607 108
6608 168
6609 180
6610 60
6611 48
6612 114
6613 138
6614 39
6615 156
6616 150
6617 156
6618 120
6619 162
6620 108
6621 204
6622 60
6623 180
6624 168
6625 84
6626 120
6627 153
6628 138
6629 102
6630 204
6631 84
6632 108
6633 192
6634 168
6635 153
6636 204
6637 168
6638 60
6639 162
6640 162
6641 204
6642 84
6643 135
6644 156
6645 168
6646 156
6647 138
6648 168
6649 156
6650 60
6651 168
6652 168
6653 126
6654 60
6655 96
6656 120
6657 168
6658 168
6659 150
6660 156
6661 84
6662 162
6663 132
6664 78
6665 162
6666 126
6667 84
6668 150
6669 156
6670 204
6671 168
6672 132
6673 138
6674 186
6675 60
6676 156
6677 159
6678 150
6679 138
6680 108
6681 96
6682 96
6683 150
6684 84
6685 102
6686 84
6687 132
6688 72
6689 192
6690 84
6691 72
6692 192
6693 150
6694 204
6695 60
6696 150
6697 150
6698 186
6699 132
6700 132
6701 84
6702 120
6703 168
6704 168
6705 108
6706 90
6707 36
6708 120
6709 192
6710 150
6711 180
6712 132
6713 120
6714 156
6715 84
6716 138
6717 156
6718 150
6719 156
6720 156
6721 150
6722 72
6723 72
6724 24
6725 162
6726 24
6727 156
6728 162
6729 138
6730 42
6731 60
6732 96
6733 150
6734 168
6735 150
6736 180
6737 108
6738 120
6739 84
6740 126
6741 150
6742 120
6743 72
6744 180
6745 138
6746 132
6747 156
6748 108
6749 156
6750 162
6751 144
6752 165
6753 168
6754 82
6755 180
6756 168
6757 168
6758 168
6759 138
6760 156
6761 168
6762 36
6763 138
6764 48
6765 138
6766 72
6767 132
6768 96
6769 126
6770 204
6771 72
6772 126
6773 156
6774 132
6775 138
6776 135
6777 168
6778 84
6779 168
6780 153
6781 186
6782 156
6783 168
6784 138
6785 168
6786 162
6787 168
6788 150
6789 108
6790 60
6791 120
6792 150
6793 96
6794 168
6795 156
6796 150
6797 162
6798 168
6799 168
6800 156
6801 150
6802 156
6803 108
6804 138
6805 138
6806 84
6807 162
6808 120
6809 150
6810 168
6811 138
6812 132
6813 180
6814 162
6815 156
6816 108
6817 72
6818 96
6819 132
6820 54
6821 162
6822 192
6823 84
6824 162
6825 180
6826 108
6827 78
6828 72
6829 192
6830 36
6831 168
6832 150
6833 132
6834 162
6835 57
6836 150
6837 24
6838 16
6839 120
6840 24
6841 51
6842 6
6843 120
6844 204
6845 78
6846 148
6847 144
6848 102
6849 188
6850 162
6851 192
6852 96
6853 141
6854 102
6855 168
6856 159
6857 116
6858 78
6859 156
6860 210
6861 138
6862 60
6863 100
6864 66
6865 90
6866 96
6867 108
6868 162
6869 184
6870 76
6871 150
6872 38
6873 159
6874 192
6875 150
6876 156
6877 120
6878 159
6879 24
6880 192
6881 160
6882 120
6883 150
6884 150
6885 138
6886 132
6887 168
6888 162
6889 72
6890 96
6891 156
6892 138
6893 138
6894 162
6895 168
6896 186
6897 162
6898 168
6899 168
6900 156
6901 132
6902 168
6903 132
6904 15
6905 138
6906 204
6907 132
6908 156
6909 144
6910 168
6911 138
6912 150
6913 72
6914 150
6915 138
6916 180
6917 138
6918 204
6919 162
6920 156
6921 120
6922 204
6923 96
6924 156
6925 138
6926 138
6927 162
6928 153
6929 156
6930 156
6931 147
6932 192
6933 168
6934 156
6935 72
6936 165
6937 132
6938 156
6939 204
6940 120
6941 168
6942 156
6943 167
6944 162
6945 132
6946 168
6947 156
6948 159
6949 126
6950 156
6951 192
6952 120
6953 180
6954 120
6955 138
6956 192
6957 168
6958 108
6959 144
6960 132
6961 138
6962 60
6963 180
6964 180
6965 180
6966 60
6967 216
6968 138
6969 138
6970 162
6971 168
6972 15
6973 150
6974 60
6975 204
6976 150
6977 36
6978 186
6979 186
6980 150
6981 150
6982 168
6983 132
6984 108
6985 180
6986 156
6987 162
6988 34
6989 66
6990 84
6991 162
6992 60
6993 150
6994 204
6995 132
6996 76
6997 72
6998 88
6999 168
7000 180
7001 156
7002 180
7003 168
7004 192
7005 168
7006 150
7007 126
7008 48
7009 168
7010 156
7011 132
7012 204
7013 120
7014 144
7015 120
7016 96
7017 168
7018 204
7019 120
7020 168
7021 156
7022 48
7023 186
7024 168
7025 126
7026 84
7027 180
7028 132
7029 84
7030 132
7031 144
7032 156
7033 168
7034 150
7035 156
7036 132
7037 156
7038 180
7039 120
7040 108
7041 156
7042 90
7043 48
7044 156
7045 153
7046 48
7047 186
7048 156
7049 96
7050 144
7051 84
7052 156
7053 132
7054 48
7055 90
7056 156
7057 150
7058 156
7059 108
7060 108
7061 60
7062 156
7063 144
7064 144
7065 135
7066 72
7067 108
7068 168
7069 84
7070 84
7071 48
7072 168
7073 162
7074 156
7075 132
7076 168
7077 102
7078 156
7079 168
7080 120
7081 204
7082 162
7083 138
7084 162
7085 138
7086 216
7087 162
7088 90
7089 150
7090 150
7091 186
7092 132
7093 132
7094 156
7095 204
7096 60
7097 132
7098 84
7099 162
7100 102
7101 72
7102 150
7103 96
7104 120
7105 168
7106 156
7107 108
7108 168
7109 84
7110 135
7111 189
7112 138
7113 150
7114 156
7115 150
7116 168
7117 48
7118 57
7119 168
7120 180
7121 210
7122 96
7123 120
7124 120
7125 162
7126 168
7127 150
7128 138
7129 168
7130 150
7131 150
7132 156
7133 78
7134 53
7135 54
7136 138
7137 108
7138 150
7139 132
7140 84
7141 204
7142 162
7143 168
7144 78
7145 138
7146 138
7147 132
7148 150
7149 150
7150 159
7151 132
7152 162
7153 51
7154 84
7155 120
7156 138
7157 108
7158 150
7159 120
7160 156
7161 168
7162 156
7163 204
7164 108
7165 153
7166 183
7167 102
7168 168
7169 168
7170 216
7171 96
7172 156
7173 66
7174 84
7175 138
7176 192
7177 96
7178 168
7179 168
7180 84
7181 138
7182 108
7183 108
7184 96
7185 18
7186 162
7187 132
7188 60
7189 132
7190 168
7191 132
7192 48
7193 72
7194 150
7195 60
7196 60
7197 120
7198 150
7199 108
7200 120
7201 28
7202 186
7203 186
7204 126
7205 156
7206 72
7207 180
7208 108
7209 165
7210 108
7211 156
7212 132
7213 180
7214 156
7215 168
7216 60
7217 162
7218 162
7219 156
7220 168
7221 120
7222 168
7223 156
7224 168
7225 153
7226 156
7227 54
7228 156
7229 162
7230 72
7231 168
7232 156
7233 168
7234 156
7235 114
7236 150
7237 162
7238 168
7239 168
7240 156
7241 96
7242 72
7243 192
7244 48
7245 150
7246 150
7247 126
7248 108
7249 120
7250 138
7251 168
7252 120
7253 183
7254 174
7255 114
7256 150
7257 156
7258 150
7259 156
7260 132
7261 162
7262 60
7263 120
7264 126
7265 168
7266 120
7267 144
7268 156
7269 96
7270 156
7271 24
7272 204
7273 54
7274 156
7275 54
7276 108
7277 150
7278 138
7279 159
7280 120
7281 150
7282 156
7283 150
7284 84
7285 168
7286 156
7287 138
7288 150
7289 120
7290 72
7291 156
7292 204
7293 150
7294 72
7295 150
7296 132
7297 108
7298 168
7299 150
7300 150
7301 120
7302 156
7303 168
7304 138
7305 180
7306 132
7307 150
7308 144
7309 138
7310 150
7311 162
7312 168
7313 168
7314 72
7315 150
7316 162
7317 168
7318 150
7319 114
7320 156
7321 108
7322 204
7323 144
7324 132
7325 144
7326 162
7327 162
7328 120
7329 120
7330 138
7331 150
7332 168
7333 36
7334 180
7335 150
7336 138
7337 168
7338 168
7339 153
7340 84
7341 192
7342 138
7343 162
7344 108
7345 114
7346 192
7347 138
7348 150
7349 32
7350 96
7351 168
7352 96
7353 168
7354 147
7355 186
7356 162
7357 72
7358 63
7359 48
7360 132
7361 150
7362 90
7363 42
7364 156
7365 204
7366 72
7367 120
7368 150
7369 174
7370 180
7371 114
7372 168
7373 192
7374 168
7375 42
7376 72
7377 153
7378 156
7379 72
7380 204
7381 126
7382 168
7383 108
7384 162
7385 156
7386 54
7387 108
7388 150
7389 138
7390 192
7391 168
7392 150
7393 78
7394 174
7395 84
7396 12
7397 108
7398 153
7399 60
7400 162
7401 120
7402 132
7403 138
7404 84
7405 96
7406 84
7407 132
7408 156
7409 162
7410 162
7411 72
7412 180
7413 162
7414 162
7415 168
7416 24
7417 138
7418 168
7419 84
7420 120
7421 132
7422 28
7423 159
7424 168
7425 60
7426 162
7427 24
7428 138
7429 159
7430 168
7431 54
7432 228
7433 108
7434 102
7435 102
7436 228
7437 72
7438 120
7439 138
7440 156
7441 180
7442 48
7443 132
7444 162
7445 162
7446 192
7447 168
7448 168
7449 180
7450 132
7451 150
7452 39
7453 216
7454 94
7455 84
7456 156
7457 39
7458 132
7459 156
7460 96
7461 60
7462 102
7463 168
7464 180
7465 162
7466 162
7467 150
7468 168
7469 166
7470 204
7471 186
7472 156
7473 180
7474 108
7475 150
7476 132
7477 156
7478 156
7479 96
7480 54
7481 132
7482 168
7483 138
7484 192
7485 162
7486 150
7487 84
7488 162
7489 162
7490 150
7491 156
7492 102
7493 72
7494 96
7495 108
7496 120
7497 156
7498 156
7499 168
7500 84
7501 120
7502 186
7503 168
7504 120
7505 168
7506 180
7507 162
7508 84
7509 78
7510 60
7511 150
7512 84
7513 153
7514 168
7515 72
7516 132
7517 168
7518 186
7519 150
7520 72
7521 36
7522 96
7523 150
7524 132
7525 156
7526 108
7527 168
7528 108
7529 168
7530 150
7531 186
7532 162
7533 108
7534 108
7535 162
7536 72
7537 138
7538 162
7539 132
7540 54
7541 162
7542 150
7543 162
7544 144
7545 162
7546 132
7547 72
7548 138
7549 84
7550 132
7551 150
7552 90
7553 96
7554 162
7555 210
7556 120
7557 168
7558 162
7559 150
7560 186
7561 72
7562 150
7563 156
7564 138
7565 84
7566 120
7567 150
7568 180
7569 108
7570 156
7571 168
7572 108
7573 108
7574 168
7575 132
7576 108
7577 96
7578 84
7579 156
7580 132
7581 120
7582 108
7583 216
7584 120
7585 162
7586 168
7587 132
7588 72
7589 168
7590 42
7591 36
7592 138
7593 165
7594 156
7595 228
7596 138
7597 150
7598 120
7599 168
7600 162
7601 168
7602 168
7603 114
7604 204
7605 186
7606 132
