1 30
2 18
3 132
4 120
5 39
6 50
7 156
8 156
9 94
10 106
11 120
12 132
13 48
14 24
15 94
16 180
17 132
18 26
19 162
20 94
21 120
22 132
23 76
24 152
25 120
26 43
27 144
28 94
29 106
30 192
31 132
32 156
33 150
34 144
35 204
36 168
37 180
38 82
39 180
40 24
41 60
42 180
43 106
44 168
45 69
46 69
47 168
48 108
49 94
50 150
51 192
52 94
53 132
54 144
55 132
56 210
57 156
58 21
59 132
60 82
61 120
62 120
63 176
64 144
65 18
66 180
67 168
68 156
69 120
70 120
71 60
72 180
73 180
74 168
75 168
76 54
77 180
78 156
79 100
80 82
81 82
82 144
83 162
84 64
85 120
86 180
87 132
88 106
89 132
90 120
91 156
92 120
93 138
94 120
95 138
96 138
97 94
98 107
99 120
100 160
101 132
102 144
103 228
104 106
105 18
106 120
107 120
108 3
109 120
110 15
111 114
112 132
113 192
114 156
115 162
116 106
117 156
118 24
119 174
120 106
121 156
122 180
123 160
124 156
125 132
126 48
127 84
128 54
129 120
130 120
131 156
132 144
133 96
134 138
135 126
136 72
137 96
138 106
139 120
140 84
141 144
142 96
143 84
144 132
145 106
146 120
147 126
148 72
149 144
150 168
151 96
152 72
153 72
154 84
155 126
156 204
157 120
158 180
159 144
160 120
161 48
162 76
163 144
164 24
165 132
166 82
167 132
168 120
169 72
170 36
171 132
172 120
173 96
174 48
175 36
176 69
177 94
178 156
179 88
180 94
181 106
182 132
183 94
184 144
185 192
186 120
187 82
188 84
189 168
190 144
191 168
192 60
193 162
194 132
195 42
196 138
197 156
198 180
199 132
200 82
201 144
202 168
203 82
204 82
205 69
206 186
207 69
208 82
209 50
210 69
211 82
212 94
213 60
214 94
215 156
216 132
217 120
218 180
219 126
220 132
221 156
222 120
223 76
224 126
225 180
226 204
227 36
228 106
229 120
230 60
231 94
232 69
233 120
234 180
235 120
236 150
237 82
238 162
239 106
240 150
241 132
242 144
243 192
244 132
245 132
246 106
247 126
248 82
249 162
250 94
251 36
252 94
253 132
254 156
255 106
256 120
257 60
258 69
259 94
260 162
261 60
262 144
263 132
264 120
265 168
266 42
267 132
268 94
269 82
270 106
271 126
272 94
273 144
274 120
275 156
276 94
277 120
278 132
279 132
280 120
281 94
282 36
283 132
284 120
285 50
286 132
287 150
288 156
289 106
290 88
291 120
292 156
293 120
294 82
295 106
296 106
297 132
298 156
299 132
300 82
301 192
302 120
303 132
304 106
305 106
306 82
307 106
308 168
309 144
310 120
311 120
312 120
313 204
314 144
315 106
316 126
317 94
318 94
319 69
320 94
321 69
322 88
323 100
324 106
325 94
326 106
327 144
328 132
329 132
330 69
331 144
332 120
333 144
334 132
335 210
336 120
337 156
338 132
339 144
340 132
341 94
342 82
343 180
344 156
345 144
346 36
347 94
348 132
349 50
350 132
351 120
352 113
353 144
354 106
355 144
356 132
357 94
358 162
359 120
360 144
361 144
362 156
363 106
364 69
365 180
366 84
367 144
368 82
369 144
370 144
371 132
372 156
373 94
374 88
375 60
376 82
377 106
378 120
379 94
380 168
381 144
382 156
383 138
384 132
385 106
386 50
387 216
388 159
389 94
390 36
391 106
392 138
393 180
394 192
395 106
396 120
397 106
398 144
399 156
400 82
401 156
402 82
403 144
404 55
405 144
406 132
407 48
408 156
409 162
410 132
411 132
412 138
413 94
414 94
415 126
416 106
417 144
418 180
419 132
420 144
421 60
422 94
423 138
424 94
425 94
426 94
427 94
428 106
429 60
430 162
431 156
432 106
433 60
434 120
435 144
436 156
437 156
438 120
439 132
440 144
441 162
442 144
443 94
444 106
445 106
446 100
447 162
448 120
449 120
450 94
451 120
452 69
453 132
454 82
455 144
456 82
457 120
458 120
459 94
460 168
461 132
462 94
463 162
464 180
465 106
466 120
467 120
468 132
469 144
470 88
471 132
472 156
473 132
474 120
475 162
476 132
477 39
478 150
479 94
480 106
481 162
482 156
483 144
484 120
485 113
486 144
487 132
488 106
489 94
490 100
491 144
492 180
493 106
494 126
495 144
496 168
497 94
498 106
499 120
500 82
501 138
502 82
503 120
504 162
505 88
506 106
507 69
508 144
509 82
510 126
511 120
512 159
513 82
514 82
515 106
516 82
517 144
518 94
519 162
520 113
521 132
522 94
523 69
524 132
525 24
526 192
527 94
528 162
529 14
530 69
531 132
532 132
533 144
534 69
535 94
536 132
537 168
538 106
539 60
540 180
541 150
542 106
543 106
544 132
545 82
546 94
547 94
548 132
549 144
550 82
551 132
552 88
553 120
554 162
555 94
556 168
557 94
558 82
559 120
560 132
561 82
562 65
563 144
564 60
565 162
566 144
567 132
568 76
569 132
570 156
571 106
572 132
573 106
574 162
575 82
576 113
577 132
578 138
579 60
580 36
581 120
582 106
583 100
584 106
585 94
586 132
587 82
588 106
589 162
590 94
591 50
592 120
593 144
594 126
595 106
596 144
597 120
598 120
599 132
600 94
601 165
602 144
603 150
604 168
605 82
606 126
607 106
608 88
609 159
610 132
611 144
612 162
613 144
614 132
615 156
616 82
617 132
618 94
619 150
620 120
621 144
622 42
623 156
624 150
625 94
626 69
627 94
628 82
629 144
630 69
631 156
632 120
633 88
634 174
635 60
636 106
637 144
638 120
639 156
640 156
641 132
642 69
643 36
644 126
645 88
646 132
647 156
648 144
649 69
650 42
651 132
652 120
653 138.61
654 153.50
655 152.56
656 110.78
657 70.90
658 123.65
659 121.72
660 84.02
661 58.83
662 81.06
663 186.34
664 144.92
665 87.52
666 171.80
667 145.85
668 146.12
669 141.29
670 106.50
671 130.32
672 45.66
673 130.30
674 161.97
675 125.90
676 17.97
677 138.86
678 136.97
679 113.38
680 130.12
681 155.12
682 192.59
683 74.99
684 130.45
685 94.36
686 183.38
687 129.96
688 90.62
689 161.12
690 161.95
691 82.77
692 88.39
693 86.58
694 103.78
695 182.12
696 138.79
697 99.66
698 32.86
699 155.97
700 138.98
701 185.71
702 47.41
703 30.17
704 199.34
705 139.05
706 110.62
707 136.14
708 139.77
709 148.55
710 185.71
711 117.99
712 183.38
713 185.71
714 160.23
715 108.48
716 144.03
717 81.93
718 71.83
719 120.45
720 109.08
721 193.00
722 161.97
723 162.74
724 47.84
725 167.42
726 133.24
727 151.36
728 108.61
729 54.14
730 117.11
731 97.37
732 19.85
733 88.11
734 94.17
735 145.48
736 76.92
737 140.59
738 138.56
739 56.73
740 179.12
741 152.08
742 165.18
743 163.02
744 184.72
745 78.19
746 87.43
747 93.63
748 133.49
749 129.25
750 167.69
751 135.98
752 118.23
