1 162
2 57
3 150
4 24
5 16
6 120
7 24
8 51
9 6
10 120
11 204
12 78
13 148
14 144
15 102
16 188
17 162
18 192
19 96
20 141
21 102
22 168
23 159
24 116
25 78
26 156
27 210
28 138
29 60
30 100
31 66
32 90
33 96
34 108
35 162
36 184
37 76
38 150
39 38
40 159
41 192
42 150
43 156
44 120
45 159
46 24
47 192
48 160
49 120
50 150
51 150
52 138
53 132
54 168
55 162
56 72
57 96
58 156
59 138
60 138
61 162
62 168
63 186
64 162
65 168
66 168
67 156
68 132
69 168
70 132
71 15
72 138
73 204
74 132
75 156
76 144
77 168
78 138
79 150
80 72
81 150
82 138
83 180
84 138
85 204
86 162
87 156
88 120
89 204
90 96
91 156
92 138
93 138
94 162
95 153
96 156
97 156
98 147
99 192
100 168
101 156
102 72
103 165
104 132
105 156
106 204
107 120
108 168
109 156
110 167
111 162
112 132
113 168
114 156
115 159
116 126
117 156
118 192
119 120
120 180
121 120
122 138
123 192
124 168
125 108
126 144
127 132
128 138
129 60
130 180
131 180
132 180
133 60
134 216
135 138
136 138
137 162
138 168
139 15
140 150
141 60
142 204
143 150
144 36
145 186
146 186
147 150
148 150
149 168
150 132
151 108
152 180
153 156
154 162
155 34
156 66
157 84
158 162
159 60
160 150
161 204
162 132
163 76
164 72
165 88
166 168
167 180
168 156
169 180
170 168
171 192
172 168
173 150
174 126
175 48
176 168
177 156
178 132
179 204
180 120
181 144
182 120
183 96
184 168
185 204
186 120
187 168
188 156
189 48
190 186
191 168
192 126
193 84
194 180
195 132
196 84
197 132
198 144
199 156
200 168
201 150
202 156
203 132
204 156
205 180
206 120
207 108
208 156
209 90
210 48
211 156
212 153
213 48
214 186
215 156
216 96
217 144
218 84
219 156
220 132
221 48
222 90
223 156
224 150
225 156
226 108
227 108
228 60
229 156
230 144
231 144
232 135
233 72
234 108
235 168
236 84
237 84
238 48
239 168
240 162
241 156
242 132
243 168
244 102
245 156
246 168
247 120
248 204
249 162
250 138
251 162
252 138
253 216
254 162
255 90
256 150
257 150
258 186
259 132
260 132
261 156
262 204
263 60
264 132
265 84
266 162
267 102
268 72
269 150
270 96
271 120
272 168
273 156
274 108
275 168
276 84
277 135
278 189
279 138
280 150
281 156
282 150
283 168
284 48
285 57
286 168
287 180
288 210
289 96
290 120
291 120
292 162
293 168
294 150
295 138
296 168
297 150
298 150
299 156
300 78
301 53
302 54
303 138
304 108
305 150
306 132
307 84
308 204
309 162
310 168
311 78
312 138
313 138
314 132
315 150
316 150
317 159
318 132
319 162
320 51
321 84
322 120
323 138
324 108
325 150
326 120
327 156
328 168
329 156
330 204
331 108
332 153
333 183
334 102
335 168
336 168
337 216
338 96
339 156
340 66
341 84
342 138
343 192
344 96
345 168
346 168
347 84
348 138
349 108
350 108
351 96
352 18
353 162
354 132
355 60
356 132
357 168
358 132
359 48
360 72
361 150
362 60
363 60
364 120
365 150
366 108
367 120
368 28
369 186
370 186
371 126
372 156
373 72
374 180
375 108
376 165
377 108
378 156
379 132
380 180
381 156
382 168
383 60
384 162
385 162
386 156
387 168
388 120
389 168
390 156
391 168
392 153
393 156
394 54
395 156
396 162
397 72
398 168
399 156
400 168
401 156
402 114
403 150
404 162
405 168
406 168
407 156
408 96
409 72
410 192
411 48
412 150
413 150
414 126
415 108
416 120
417 138
418 168
419 120
420 183
421 174
422 114
423 150
424 156
425 150
426 156
427 132
428 162
429 60
430 120
431 126
432 168
433 120
434 144
435 156
436 96
437 156
438 24
439 204
440 54
441 156
442 54
443 108
444 150
445 138
446 159
447 120
448 150
449 156
450 150
451 84
452 168
453 156
454 138
455 150
456 120
457 72
458 156
459 204
460 150
461 72
462 150
463 132
464 108
465 168
466 150
467 150
468 120
469 156
470 168
471 138
472 180
473 132
474 150
475 144
476 138
477 150
478 162
479 168
480 168
481 72
482 150
483 162
484 168
485 150
486 114
487 156
488 108
489 204
490 144
491 132
492 144
493 162
494 162
495 120
496 120
497 138
498 150
499 168
500 36
501 180
502 150
503 138
504 168
505 168
506 153
507 84
508 192
509 138
510 162
511 108
512 114
513 192
514 138
515 150
516 32
517 96
518 168
519 96
520 168
521 147
522 186
523 162
524 72
525 63
526 48
527 132
528 150
529 90
530 42
531 156
532 204
533 72
534 120
535 150
536 174
537 180
538 114
539 168
540 192
541 168
542 42
543 72
544 153
545 156
546 72
547 204
548 126
549 168
550 108
551 162
552 156
553 54
554 108
555 150
556 138
557 192
558 168
559 150
560 78
561 174
562 84
563 12
564 108
565 153
566 60
567 162
568 120
569 132
570 138
571 84
572 96
573 84
574 132
575 156
576 162
577 162
578 72
579 180
580 162
581 162
582 168
583 24
584 138
585 168
586 84
587 120
588 132
589 28
590 159
591 168
592 60
593 162
594 24
595 138
596 159
597 168
598 54
599 228
600 108
601 102
602 102
603 228
604 72
605 120
606 138
607 156
608 180
609 48
610 132
611 162
612 162
613 192
614 168
615 168
616 180
617 132
618 150
619 39
620 216
621 94
622 84
623 156
624 39
625 132
626 156
627 96
628 60
629 102
630 168
631 180
632 162
633 162
634 150
635 168
636 166
637 204
638 186
639 156
640 180
641 108
642 150
643 132
644 156
645 156
646 96
647 54
648 132
649 168
650 138
651 192
652 162
653 150
654 84
655 162
656 162
657 150
658 156
659 102
660 72
661 96
662 108
663 120
664 156
665 156
666 168
667 84
668 120
669 186
670 168
671 120
672 168
673 180
674 162
675 84
676 78
677 60
678 150
679 84
680 153
681 168
682 72
683 132
684 168
685 186
686 150
687 72
688 36
689 96
690 150
691 132
692 156
693 108
694 168
695 108
696 168
697 150
698 186
699 162
700 108
701 108
702 162
703 72
704 138
705 162
706 132
707 54
708 162
709 150
710 162
711 144
712 162
713 132
714 72
715 138
716 84
717 132
718 150
719 90
720 96
721 162
722 210
723 120
724 168
725 162
726 150
727 186
728 72
729 150
730 156
731 138
732 84
733 120
734 150
735 180
736 108
737 156
738 168
739 108
740 108
741 168
742 132
743 108
744 96
745 84
746 156
747 132
748 120
749 108
750 216
751 120
752 162
753 168
754 132
755 72
756 168
757 42
758 36
759 138
760 165
761 156
762 228
763 138
764 150
765 120
766 168
767 162
768 168
769 168
770 114
771 204
772 186
773 132
774 168.93
775 169.65
776 73.26
777 152.86
778 135.46
779 62.07
780 147.35
781 136.09
782 178.25
783 198.64
784 165.16
785 120.73
786 161.64
787 185.08
788 149.10
789 141.13
790 191.97
791 150.85
792 138.74
793 167.70
794 166.45
795 63.39
796 136.76
797 148.81
798 167.66
799 97.35
800 34.19
801 86.71
802 24.53
803 11.21
804 169.68
805 111.40
806 150.39
807 83.45
808 89.85
809 124.34
810 74.45
811 182.73
812 163.80
813 162.69
814 153.30
815 140.74
816 67.02
817 172.07
818 185.51
819 191.56
820 163.87
821 138.46
822 130.52
823 151.90
824 147.89
825 155.69
826 136.34
827 175.95
828 144.25
829 127.82
830 150.83
831 200.12
832 174.24
833 172.65
834 142.93
835 154.63
836 143.31
837 145.21
838 113.06
839 201.06
840 160.81
841 172.10
842 150.32
843 116.11
844 133.51
845 172.68
846 112.02
847 219.06
848 107.68
849 93.39
850 194.02
851 69.11
852 155.98
853 174.22
854 117.18
855 197.79
856 185.88
857 69.16
858 202.27
859 203.95
860 151.43
861 165.91
862 81.97
863 158.46
864 162.47
865 140.58
866 157.32
867 106.42
868 139.74
869 49.38
870 149.12
871 113.50
872 120.97
873 98.50
