1 162
2 57
3 150
4 24
5 16
6 120
7 24
8 51
9 6
10 120
11 204
12 78
13 148
14 144
15 102
16 188
17 162
18 192
19 96
20 141
21 102
22 168
23 159
24 116
25 78
26 156
27 210
28 138
29 60
30 100
31 66
32 90
33 96
34 108
35 162
36 184
37 76
38 150
39 38
40 159
41 192
42 150
43 156
44 120
45 159
46 24
47 192
48 160
49 120
50 150
51 150
52 138
53 132
54 168
55 162
56 72
57 96
58 156
59 138
60 138
61 162
62 168
63 186
64 162
65 168
66 168
67 156
68 132
69 168
70 132
71 15
72 138
73 204
74 132
75 156
76 144
77 168
78 138
79 150
80 72
81 150
82 138
83 180
84 138
85 204
86 162
87 156
88 120
89 204
90 96
91 156
92 138
93 138
94 162
95 153
96 156
97 156
98 147
99 192
100 168
101 156
102 72
103 165
104 132
105 156
106 204
107 120
108 168
109 156
110 167
111 162
112 132
113 168
114 156
115 159
116 126
117 156
118 192
119 120
120 180
121 120
122 138
123 192
124 168
125 108
126 144
127 132
128 138
129 60
130 180
131 180
132 180
133 60
134 216
135 138
136 138
137 162
138 168
139 15
140 150
141 60
142 204
143 150
144 36
145 186
146 186
147 150
148 150
149 168
150 132
151 108
152 180
153 156
154 162
155 34
156 66
157 84
158 162
159 60
160 150
161 204
162 132
163 76
164 72
165 88
166 168
167 180
168 156
169 180
170 168
171 192
172 168
173 150
174 126
175 48
176 168
177 156
178 132
179 204
180 120
181 144
182 120
183 96
184 168
185 204
186 120
187 168
188 156
189 48
190 186
191 168
192 126
193 84
194 180
195 132
196 84
197 132
198 144
199 156
200 168
201 150
202 156
203 132
204 156
205 180
206 120
207 108
208 156
209 90
210 48
211 156
212 153
213 48
214 186
215 156
216 96
217 144
218 84
219 156
220 132
221 48
222 90
223 156
224 150
225 156
226 108
227 108
228 60
229 156
230 144
231 144
232 135
233 72
234 108
235 168
236 84
237 84
238 48
239 168
240 162
241 156
242 132
243 168
244 102
245 156
246 168
247 120
248 204
249 162
250 138
251 162
252 138
253 216
254 162
255 90
256 150
257 150
258 186
259 132
260 132
261 156
262 204
263 60
264 132
265 84
266 162
267 102
268 72
269 150
270 96
271 120
272 168
273 156
274 108
275 168
276 84
277 135
278 189
279 138
280 150
281 156
282 150
283 168
284 48
285 57
286 168
287 180
288 210
289 96
290 120
291 120
292 162
293 168
294 150
295 138
296 168
297 150
298 150
299 156
300 78
301 53
302 54
303 138
304 108
305 150
306 132
307 84
308 204
309 162
310 168
311 78
312 138
313 138
314 132
315 150
316 150
317 159
318 132
319 162
320 51
321 84
322 120
323 138
324 108
325 150
326 120
327 156
328 168
329 156
330 204
331 108
332 153
333 183
334 102
335 168
336 168
337 216
338 96
339 156
340 66
341 84
342 138
343 192
344 96
345 168
346 168
347 84
348 138
349 108
350 108
351 96
352 18
353 162
354 132
355 60
356 132
357 168
358 132
359 48
360 72
361 150
362 60
363 60
364 120
365 150
366 108
367 120
368 28
369 186
370 186
371 126
372 156
373 72
374 180
375 108
376 165
377 108
378 156
379 132
380 180
381 156
382 168
383 60
384 162
385 162
386 156
387 168
388 120
389 168
390 156
391 168
392 153
393 156
394 54
395 156
396 162
397 72
398 168
399 156
400 168
401 156
402 114
403 150
404 162
405 168
406 168
407 156
408 96
409 72
410 192
411 48
412 150
413 150
414 126
415 108
416 120
417 138
418 168
419 120
420 183
421 174
422 114
423 150
424 156
425 150
426 156
427 132
428 162
429 60
430 120
431 126
432 168
433 120
434 144
435 156
436 96
437 156
438 24
439 204
440 54
441 156
442 54
443 108
444 150
445 138
446 159
447 120
448 150
449 156
450 150
451 84
452 168
453 156
454 138
455 150
456 120
457 72
458 156
459 204
460 150
461 72
462 150
463 132
464 108
465 168
466 150
467 150
468 120
469 156
470 168
471 138
472 180
473 132
474 150
475 144
476 138
477 150
478 162
479 168
480 168
481 72
482 150
483 162
484 168
485 150
486 114
487 156
488 108
489 204
490 144
491 132
492 144
493 162
494 162
495 120
496 120
497 138
498 150
499 168
500 36
501 180
502 150
503 138
504 168
505 168
506 153
507 84
508 192
509 138
510 162
511 108
512 114
513 192
514 138
515 150
516 32
517 96
518 168
519 96
520 168
521 147
522 186
523 162
524 72
525 63
526 48
527 132
528 150
529 90
530 42
531 156
532 204
533 72
534 120
535 150
536 174
537 180
538 114
539 168
540 192
541 168
542 42
543 72
544 153
545 156
546 72
547 204
548 126
549 168
550 108
551 162
552 156
553 54
554 108
555 150
556 138
557 192
558 168
559 150
560 78
561 174
562 84
563 12
564 108
565 153
566 60
567 162
568 120
569 132
570 138
571 84
572 96
573 84
574 132
575 156
576 162
577 162
578 72
579 180
580 162
581 162
582 168
583 24
584 138
585 168
586 84
587 120
588 132
589 28
590 159
591 168
592 60
593 162
594 24
595 138
596 159
597 168
598 54
599 228
600 108
601 102
602 102
603 228
604 72
605 120
606 138
607 156
608 180
609 48
610 132
611 162
612 162
613 192
614 168
615 168
616 180
617 132
618 150
619 39
620 216
621 94
622 84
623 156
624 39
625 132
626 156
627 96
628 60
629 102
630 168
631 180
632 162
633 162
634 150
635 168
636 166
637 204
638 186
639 156
640 180
641 108
642 150
643 132
644 156
645 156
646 96
647 54
648 132
649 168
650 138
651 192
652 162
653 150
654 84
655 162
656 162
657 150
658 156
659 102
660 72
661 96
662 108
663 120
664 156
665 156
666 168
667 84
668 120
669 186
670 168
671 120
672 168
673 180
674 162
675 84
676 78
677 60
678 150
679 84
680 153
681 168
682 72
683 132
684 168
685 186
686 150
687 72
688 36
689 96
690 150
691 132
692 156
693 108
694 168
695 108
696 168
697 150
698 186
699 162
700 108
701 108
702 162
703 72
704 138
705 162
706 132
707 54
708 162
709 150
710 162
711 144
712 162
713 132
714 72
715 138
716 84
717 132
718 150
719 90
720 96
721 162
722 210
723 120
724 168
725 162
726 150
727 186
728 72
729 150
730 156
731 138
732 84
733 120
734 150
735 180
736 108
737 156
738 168
739 108
740 108
741 168
742 132
743 108
744 96
745 84
746 156
747 132
748 120
749 108
750 216
751 120
752 162
753 168
754 132
755 72
756 168
757 42
758 36
759 138
760 165
761 156
762 228
763 138
764 150
765 120
766 168
767 162
768 168
769 168
770 114
771 204
772 186
773 132
774 30
775 18
776 132
777 120
778 39
779 50
780 156
781 156
782 94
783 106
784 120
785 132
786 48
787 24
788 94
789 180
790 132
791 26
792 162
793 94
794 120
795 132
796 76
797 152
798 120
799 43
800 144
801 94
802 106
803 192
804 132
805 156
806 150
807 144
808 204
809 168
810 180
811 82
812 180
813 24
814 60
815 180
816 106
817 168
818 69
819 69
820 168
821 108
822 94
823 150
824 192
825 94
826 132
827 144
828 132
829 210
830 156
831 21
832 132
833 82
834 120
835 120
836 176
837 144
838 18
839 180
840 168
841 156
842 120
843 120
844 60
845 180
846 180
847 168
848 168
849 54
850 180
851 156
852 100
853 82
854 82
855 144
856 162
857 64
858 120
859 180
860 132
861 106
862 132
863 120
864 156
865 120
866 138
867 120
868 138
869 138
870 94
871 107
872 120
873 160
874 132
875 144
876 228
877 106
878 18
879 120
880 120
881 3
882 120
883 15
884 114
885 132
886 192
887 156
888 162
889 106
890 156
891 24
892 174
893 106
894 156
895 180
896 160
897 156
898 132
899 48
900 84
901 54
902 120
903 120
904 156
905 144
906 96
907 138
908 126
909 72
910 96
911 106
912 120
913 84
914 144
915 96
916 84
917 132
918 106
919 120
920 126
921 72
922 144
923 168
924 96
925 72
926 72
927 84
928 126
929 204
930 120
931 180
932 144
933 120
934 48
935 76
936 144
937 24
938 132
939 82
940 132
941 120
942 72
943 36
944 132
945 120
946 96
947 48
948 36
949 69
950 94
951 156
952 88
953 94
954 106
955 132
956 94
957 144
958 192
959 120
960 82
961 84
962 168
963 144
964 168
965 60
966 162
967 132
968 42
969 138
970 156
971 180
972 132
973 82
974 144
975 168
976 82
977 82
978 69
979 186
980 69
981 82
982 50
983 69
984 82
985 94
986 60
987 94
988 156
989 132
990 120
991 180
992 126
993 132
994 156
995 120
996 76
997 126
998 180
999 204
1000 36
1001 106
1002 120
1003 60
1004 94
1005 69
1006 120
1007 180
1008 120
1009 150
1010 82
1011 162
1012 106
1013 150
1014 132
1015 144
1016 192
1017 132
1018 132
1019 106
1020 126
1021 82
1022 162
1023 94
1024 36
1025 94
1026 132
1027 156
1028 106
1029 120
1030 60
1031 69
1032 94
1033 162
1034 60
1035 144
1036 132
1037 120
1038 168
1039 42
1040 132
1041 94
1042 82
1043 106
1044 126
1045 94
1046 144
1047 120
1048 156
1049 94
1050 120
1051 132
1052 132
1053 120
1054 94
1055 36
1056 132
1057 120
1058 50
1059 132
1060 150
1061 156
1062 106
1063 88
1064 120
1065 156
1066 120
1067 82
1068 106
1069 106
1070 132
1071 156
1072 132
1073 82
1074 192
1075 120
1076 132
1077 106
1078 106
1079 82
1080 106
1081 168
1082 144
1083 120
1084 120
1085 120
1086 204
1087 144
1088 106
1089 126
1090 94
1091 94
1092 69
1093 94
1094 69
1095 88
1096 100
1097 106
1098 94
1099 106
1100 144
1101 132
1102 132
1103 69
1104 144
1105 120
1106 144
1107 132
1108 210
1109 120
1110 156
1111 132
1112 144
1113 132
1114 94
1115 82
1116 180
1117 156
1118 144
1119 36
1120 94
1121 132
1122 50
1123 132
1124 120
1125 113
1126 144
1127 106
1128 144
1129 132
1130 94
1131 162
1132 120
1133 144
1134 144
1135 156
1136 106
1137 69
1138 180
1139 84
1140 144
1141 82
1142 144
1143 144
1144 132
1145 156
1146 94
1147 88
1148 60
1149 82
1150 106
1151 120
1152 94
1153 168
1154 144
1155 156
1156 138
1157 132
1158 106
1159 50
1160 216
1161 159
1162 94
1163 36
1164 106
1165 138
1166 180
1167 192
1168 106
1169 120
1170 106
1171 144
1172 156
1173 82
1174 156
1175 82
1176 144
1177 55
1178 144
1179 132
1180 48
1181 156
1182 162
1183 132
1184 132
1185 138
1186 94
1187 94
1188 126
1189 106
1190 144
1191 180
1192 132
1193 144
1194 60
1195 94
1196 138
1197 94
1198 94
1199 94
1200 94
1201 106
1202 60
1203 162
1204 156
1205 106
1206 60
1207 120
1208 144
1209 156
1210 156
1211 120
1212 132
1213 144
1214 162
1215 144
1216 94
1217 106
1218 106
1219 100
1220 162
1221 120
1222 120
1223 94
1224 120
1225 69
1226 132
1227 82
1228 144
1229 82
1230 120
1231 120
1232 94
1233 168
1234 132
1235 94
1236 162
1237 180
1238 106
1239 120
1240 120
1241 132
1242 144
1243 88
1244 132
1245 156
1246 132
1247 120
1248 162
1249 132
1250 39
1251 150
1252 94
1253 106
1254 162
1255 156
1256 144
1257 120
1258 113
1259 144
1260 132
1261 106
1262 94
1263 100
1264 144
1265 180
1266 106
1267 126
1268 144
1269 168
1270 94
1271 106
1272 120
1273 82
1274 138
1275 82
1276 120
1277 162
1278 88
1279 106
1280 69
1281 144
1282 82
1283 126
1284 120
1285 159
1286 82
1287 82
1288 106
1289 82
1290 144
1291 94
1292 162
1293 113
1294 132
1295 94
1296 69
1297 132
1298 24
1299 192
1300 94
1301 162
1302 14
1303 69
1304 132
1305 132
1306 144
1307 69
1308 94
1309 132
1310 168
1311 106
1312 60
1313 180
1314 150
1315 106
1316 106
1317 132
1318 82
1319 94
1320 94
1321 132
1322 144
1323 82
1324 132
1325 88
1326 120
1327 162
1328 94
1329 168
1330 94
1331 82
1332 120
1333 132
1334 82
1335 65
1336 144
1337 60
1338 162
1339 144
1340 132
1341 76
1342 132
1343 156
1344 106
1345 132
1346 106
1347 162
1348 82
1349 113
1350 132
1351 138
1352 60
1353 36
1354 120
1355 106
1356 100
1357 106
1358 94
1359 132
1360 82
1361 106
1362 162
1363 94
1364 50
1365 120
1366 144
1367 126
1368 106
1369 144
1370 120
1371 120
1372 132
1373 94
1374 165
1375 144
1376 150
1377 168
1378 82
1379 126
1380 106
1381 88
1382 159
1383 132
1384 144
1385 162
1386 144
1387 132
1388 156
1389 82
1390 132
1391 94
1392 150
1393 120
1394 144
1395 42
1396 156
1397 150
1398 94
1399 69
1400 94
1401 82
1402 144
1403 69
1404 156
1405 120
1406 88
1407 174
1408 60
1409 106
1410 144
1411 120
1412 156
1413 156
1414 132
1415 69
1416 36
1417 126
1418 88
1419 132
1420 156
1421 144
1422 69
1423 42
1424 132
1425 120
1426 168.93
1427 169.65
1428 73.26
1429 152.86
1430 135.46
1431 62.07
1432 147.35
1433 136.09
1434 178.25
1435 198.64
1436 165.16
1437 120.73
1438 161.64
1439 185.08
1440 149.10
1441 141.13
1442 191.97
1443 150.85
1444 138.74
1445 167.70
1446 166.45
1447 63.39
1448 136.76
1449 148.81
1450 167.66
1451 97.35
1452 34.19
1453 86.71
1454 24.53
1455 11.21
1456 169.68
1457 111.40
1458 150.39
1459 83.45
1460 89.85
1461 124.34
1462 74.45
1463 182.73
1464 163.80
1465 162.69
1466 153.30
1467 140.74
1468 67.02
1469 172.07
1470 185.51
1471 191.56
1472 163.87
1473 138.46
1474 130.52
1475 151.90
1476 147.89
1477 155.69
1478 136.34
1479 175.95
1480 144.25
1481 127.82
1482 150.83
1483 200.12
1484 174.24
1485 172.65
1486 142.93
1487 154.63
1488 143.31
1489 145.21
1490 113.06
1491 201.06
1492 160.81
1493 172.10
1494 150.32
1495 116.11
1496 133.51
1497 172.68
1498 112.02
1499 219.06
1500 107.68
1501 93.39
1502 194.02
1503 69.11
1504 155.98
1505 174.22
1506 117.18
1507 197.79
1508 185.88
1509 69.16
1510 202.27
1511 203.95
1512 151.43
1513 165.91
1514 81.97
1515 158.46
1516 162.47
1517 140.58
1518 157.32
1519 106.42
1520 139.74
1521 49.38
1522 149.12
1523 113.50
1524 120.97
1525 98.50
1526 138.61
1527 153.50
1528 152.56
1529 110.78
1530 70.90
1531 123.65
1532 121.72
1533 84.02
1534 58.83
1535 81.06
1536 186.34
1537 144.92
1538 87.52
1539 171.80
1540 145.85
1541 146.12
1542 141.29
1543 106.50
1544 130.32
1545 45.66
1546 130.30
1547 161.97
1548 125.90
1549 17.97
1550 138.86
1551 136.97
1552 113.38
1553 130.12
1554 155.12
1555 192.59
1556 74.99
1557 130.45
1558 94.36
1559 183.38
1560 129.96
1561 90.62
1562 161.12
1563 161.95
1564 82.77
1565 88.39
1566 86.58
1567 103.78
1568 182.12
1569 138.79
1570 99.66
1571 32.86
1572 155.97
1573 138.98
1574 185.71
1575 47.41
1576 30.17
1577 199.34
1578 139.05
1579 110.62
1580 136.14
1581 139.77
1582 148.55
1583 185.71
1584 117.99
1585 183.38
1586 185.71
1587 160.23
1588 108.48
1589 144.03
1590 81.93
1591 71.83
1592 120.45
1593 109.08
1594 193.00
1595 161.97
1596 162.74
1597 47.84
1598 167.42
1599 133.24
1600 151.36
1601 108.61
1602 54.14
1603 117.11
1604 97.37
1605 19.85
1606 88.11
1607 94.17
1608 145.48
1609 76.92
1610 140.59
1611 138.56
1612 56.73
1613 179.12
1614 152.08
1615 165.18
1616 163.02
1617 184.72
1618 78.19
1619 87.43
1620 93.63
1621 133.49
1622 129.25
1623 167.69
1624 135.98
1625 118.23
